8605
9936
5211
7322
4154
6545
8187
4115
8363
1330
1559
8499
8110
8691
8853
741
8939
6972
2198
5550
7387
1059
371
1162
2478
1911
9857
9410
1548
7112
9182
9676
8298
5951
7779
3672
8730
2412
1267
8045
2202
2327
8010
584
8040
6757
1979
6957
7683
4009
5669
7984
3764
500
8499
6041
3258
872
6871
5143
4261
3299
6495
8881
5471
4688
3246
9501
7505
2648
6993
6714
7395
9437
325
6451
5095
3973
8061
4977
8769
6894
5865
1690
8424
2477
9686
3366
1452
7681
6046
7962
5286
3469
235
9386
2851
2115
7529
112
5087
5878
4959
6852
5862
4441
1927
6141
5803
2664
4514
6193
4712
3971
5506
6746
1347
5117
2149
7978
1402
4270
2166
117
4211
7046
7661
4962
2721
5206
6661
4111
588
2938
7689
990
3367
3589
2174
5591
9903
5033
7011
5864
2224
1630
2322
6210
9241
232
727
8056
882
6883
3951
6704
2205
3364
4776
9391
5594
715
3422
8544
2604
6340
3397
6878
3371
7989
7813
1946
7078
4452
4699
7979
6273
4316
5747
3363
9414
5879
2024
832
6714
705
7841
8801
944
4143
6842
1170
9500
8459
454
1572
3104
4028
6992
846
6114
8270
7872
6386
4275
9553
2188
9109
1303
6244
7671
4578
4706
5179
3691
7390
2600
3213
2279
1767
746
6611
260
3207
650
9198
354
384
626
7175
7990
1415
3944
3410
9227
399
661
2107
8347
6717
604
4584
2699
772
8811
2984
3316
1629
2570
3755
3915
7371
1523
1925
7421
1333
2911
5903
8134
7412
4062
5551
7278
4840
6760
8604
3822
4427
7892
7430
7371
161
1233
517
8236
4211
168
4889
5573
8622
4949
5975
543
9351
6010
2627
2725
2843
8901
5078
4423
1000
2325
3520
8313
622
7755
7641
5912
1930
283
8859
8709
4583
7946
3564
9918
4164
8558
6363
6838
6384
8125
2181
767
2862
8961
4506
4429
9937
7956
4805
5839
6778
462
689
5101
359
723
4436
6346
401
1607
6630
4944
6894
2157
2830
3403
9677
9584
562
2405
2441
7172
6148
8340
360
5572
4438
6677
1516
7147
4256
7530
8056
859
8991
9462
4678
5750
208
1059
8709
2096
9657
1527
702
5822
4276
8017
3183
7682
6363
7824
4595
4630
5668
4547
9759
1387
6657
9545
8118
3915
2720
3153
111
5294
7678
6059
2625
5154
3068
5542
8249
5533
6373
6907
7152
8522
8376
3123
8944
3441
2802
9000
5239
7373
2227
8290
8249
1813
1418
5148
8155
9328
3670
4934
791
1104
5919
4407
762
5627
8207
3201
5575
2006
5142
2752
5154
8358
8960
1909
5410
4907
8315
4682
8674
9712
5935
2
8196
1875
7464
7736
9643
8097
4581
9235
1838
5721
8892
6795
9680
369
6431
2266
1242
7477
3720
3728
8279
6548
8980
4713
1873
4038
5046
4589
8294
8493
8881
2218
9401
1249
3153
9982
6193
6511
2672
3522
3213
4003
9741
7372
7887
5048
9354
450
2235
8378
4232
3613
5091
2891
3503
2694
5955
7282
9991
6200
5033
6661
5834
471
4151
6776
3927
3895
5038
3968
5834
7852
5517
4672
3570
3491
8573
7311
1493
4639
1432
5823
2427
2223
6786
8862
6547
7307
4961
3784
7659
2956
444
5099
1415
215
3606
2696
1649
5175
5356
4033
4123
7157
7888
685
9402
2394
9619
5235
3084
1699
2542
2330
1545
3459
1311
4985
4149
9414
8472
3809
4595
1212
9221
9566
1344
7369
442
1584
4955
7701
2692
2224
5354
6187
5923
8380
8000
394
4914
3035
1991
8731
6300
8778
56
9498
6790
4664
9017
6298
2262
4220
3223
3565
4048
6681
2090
5839
1911
3254
8099
2901
443
7819
3373
2390
6166
6059
1752
4443
8864
6809
3553
3691
8790
5669
7105
7195
5363
7195
1700
9952
9817
4658
3400
8861
8456
5243
8016
4927
3214
406
3967
9771
1594
5984
2084
2667
6619
3208
440
8955
8683
8640
3471
7390
7632
5
7082
5452
2292
1706
9231
7197
2376
8987
2477
7659
1344
2452
7565
3016
5212
8734
5871
6449
6155
2540
5613
5934
2309
5763
4046
2766
9288
7644
6628
658
9803
9089
4473
3564
1994
9002
3117
385
5847
5728
69
3933
1048
8812
770
4714
2192
4529
27
5175
2365
9154
2848
8344
3452
4313
1786
1363
3426
796
1963
9329
8138
2448
5887
935
7447
2448
2857
7077
3392
838
458
7442
5138
1228
4890
5189
8723
1875
6058
4248
7761
8401
7655
8765
1268
7232
7798
585
1076
2343
4564
6328
1618
5838
7696
2875
9724
1434
6928
1738
7590
8597
2401
2663
2011
7727
2565
7285
2548
7554
8478
8621
2590
4463
5776
7865
1776
7946
963
584
3600
9344
5916
4653
7393
2716
3403
9147
5616
891
4764
5681
9189
3297
7696
3304
7929
1265
6320
1257
7684
116
6481
9098
7393
2024
1258
7172
9078
6631
6498
7536
5090
5470
9474
5875
5426
8607
3158
4940
6747
3241
6879
2196
9254
9942
5111
4002
6555
4250
5276
863
2194
5717
252
2406
3738
64
8966
6760
8669
8258
7322
5810
9787
62
8924
9087
6098
7615
6498
5705
420
439
954
2946
6943
4693
475
2821
4400
5643
4061
4142
6405
60
2199
4317
4683
7067
4843
943
5666
5308
6799
2407
5936
3303
380
4339
9769
9956
6699
434
7660
5787
9869
9023
4461
4076
4197
7619
4923
4422
9572
5637
5264
1002
2098
6286
7482
1775
8077
8836
7262
8573
6448
4820
222
3047
326
357
4707
9500
8283
4493
2434
1849
4991
8132
7205
1677
8325
6351
3558
9626
614
7014
4265
8375
5940
2439
7821
735
9969
6644
4648
4510
5342
8984
6939
1635
4226
8167
8042
8841
9874
7354
2227
2379
1370
2895
1561
5571
8776
4061
9282
1259
9838
1538
839
8688
980
2638
5177
7791
5063
3682
3006
3734
4478
7073
6678
7798
6472
7045
9572
7940
2660
3825
4576
5032
9271
5306
6154
1121
6562
8681
901
7260
2594
5546
401
3755
4414
3095
2156
2351
858
4295
9323
7711
7639
7053
5254
1456
454
9686
985
3710
3196
6171
8382
2071
6556
4081
2354
6243
8751
1284
3278
4543
6463
929
6061
7076
7985
4647
9907
980
4744
9239
6460
7579
9270
2115
8650
1287
4322
8662
7442
4596
6456
1932
4984
6517
8494
4501
9536
5029
3809
8100
5839
7863
3111
4955
9337
3995
6000
1317
7063
2214
9529
5004
3985
5789
4628
5687
8353
8353
4173
3501
1392
490
4609
1056
4401
7942
1690
1052
521
913
2038
8186
6042
837
4566
2397
2790
4489
5264
8964
3866
8323
3486
7660
5161
3255
7406
5036
6497
4793
1822
7468
3879
8356
618
8681
5279
7489
5115
4404
6239
4644
7631
410
3495
3420
713
2204
2613
6594
4988
9598
9267
3577
9547
7106
6140
1043
3081
6980
3564
9835
4164
3751
9010
9505
2586
2775
3905
4744
8728
9384
6744
8716
7154
3573
6612
4282
7552
3008
3267
4147
2180
7342
1087
4995
5668
2087
4504
7950
3242
9878
8457
8391
8945
8507
5424
2747
3890
3492
6512
9450
4012
8831
2719
143
2383
7377
4511
9146
824
1753
2204
5786
5215
2424
1144
4851
8118
7150
7482
2405
7762
8982
4691
9590
8533
2940
2315
2645
3475
5359
7105
2802
3748
5260
4544
3242
8300
1051
8397
3921
3548
4276
3551
679
2587
6289
8041
9714
3985
4861
7052
5223
8535
8103
1117
5570
9151
903
6880
9214
6156
4879
314
1397
7395
2624
7794
6689
7703
7289
6996
4262
4869
5971
8691
1957
3249
3537
9318
5675
2352
958
7524
7780
338
7592
6068
7489
8822
760
988
3557
2160
5977
6090
6575
8443
7388
5235
377
8171
8073
3775
5983
7501
4534
2075
3701
2640
6586
9459
9808
7009
7929
620
6476
2321
2789
1946
7604
938
4048
5549
2067
6674
5592
8467
9124
4143
452
4301
1187
3886
3604
2294
2946
5807
7241
5798
8806
9867
2898
7349
7302
8464
9112
3782
1248
5954
8891
8127
7831
4802
9406
7475
1722
3047
2396
6718
5836
6675
6434
519
8214
1196
6144
4434
7144
3999
4086
1490
1712
3123
1816
3073
3799
8577
2400
2025
7263
7026
1597
6094
6416
2249
7897
3708
7129
904
3690
9591
1543
4863
3500
670
9172
230
6416
4183
9433
9785
7761
5953
3786
1870
8624
3009
2896
8286
5412
8947
9419
9046
1644
7938
2363
9945
8266
1803
9361
9746
6544
7262
7468
1069
1366
7282
5720
6185
6248
9915
8180
190
6642
7292
536
7089
2394
1161
6186
7338
7593
7436
3442
7457
4456
2475
6838
7526
5996
8495
5915
4372
2080
6699
66
8715
4753
3977
8427
9302
9959
6188
2915
5448
1016
1758
1601
500
3813
4598
4568
2731
8648
3084
133
4546
4331
2363
3905
1575
1088
2778
4758
4135
3652
1421
4796
5938
6461
8395
6379
8018
4797
3802
5453
148
8918
8803
4476
1391
3818
5328
5763
7046
188
9111
557
6177
8500
8252
8098
8280
5556
7187
9682
9733
6430
6564
7691
8165
9653
4558
2151
857
3015
2112
8449
8674
8260
4260
5170
4675
3217
5055
9107
7804
4937
2988
4161
1863
6686
69
8203
6253
1101
1623
1969
1014
294
963
3926
6634
4125
7746
4053
4311
6285
750
9525
9278
6320
6165
7356
3716
7398
5419
5026
2110
4861
7496
401
6568
4095
1433
4674
2959
1829
7200
7704
6097
8351
3227
372
9734
9741
6744
6796
7104
1265
6697
8184
6562
7899
2152
5876
3981
189
4435
6071
1278
7619
6219
7844
4338
6205
4894
2287
56
4347
7702
470
7080
2377
1438
2851
5794
7287
1565
1223
2352
3846
8027
5837
9830
4811
4600
1026
8717
8564
9717
7300
7517
8588
2177
3679
1338
6668
2297
7408
7382
9528
4578
2000
8932
2370
8493
5040
6923
8736
5502
2945
551
2630
6910
8647
8434
3654
2518
8479
4822
126
2628
1206
5377
8925
7110
1602
8401
1764
2363
124
9154
5600
4056
2797
611
9823
6609
3012
8304
6405
8607
8333
9133
5898
6517
2829
6909
6709
4940
4597
9700
4261
8710
7947
1576
6445
351
5157
4407
6289
5823
2103
9389
3281
9214
4137
3687
679
4999
1395
7200
1591
770
9537
651
8623
9975
5686
6312
8541
7338
3429
7485
5835
6328
6123
5895
1005
1659
6056
1622
9966
6251
7754
9361
7348
49
1785
787
7072
3325
378
8907
492
9664
8610
1763
3451
2255
4135
4240
8757
2510
8686
6713
368
8069
3456
8241
6474
3818
2333
6901
9604
7146
7393
7621
5294
8596
8935
6882
2604
6586
7461
2198
6204
783
1223
6064
520
4466
9063
938
6436
496
9232
8504
8940
4156
7541
266
4315
9304
6992
3896
762
6372
6237
6198
4392
3136
6715
7547
4458
310
8549
113
377
8881
5249
2264
5068
5514
4270
4004
5125
1347
9659
3141
8199
4485
9926
2974
4464
9294
9449
7081
9925
6192
226
857
2739
4500
7435
1004
7440
6287
1058
7491
512
1636
7158
8796
6874
3911
3485
1951
3891
7982
9875
4528
7469
7591
8897
8105
4377
1924
9995
5395
2114
8862
454
3519
4117
5707
6937
3190
2941
2125
4307
3563
5465
2231
2497
6041
4966
5688
8683
2583
1465
555
5298
3108
2468
1343
3843
3196
3456
1481
9246
2764
5366
3442
2485
2209
4655
5249
6894
7108
1332
7737
9886
6089
6419
1798
4976
3289
6829
4927
683
2490
2136
5427
1217
1506
6080
5190
4343
6189
6930
9802
235
3706
4091
7818
9629
1319
960
6101
4796
1874
7884
8503
9669
5195
4663
9773
7185
3749
2309
1118
4849
7142
9377
7241
750
3362
6725
9227
4490
5344
8035
1856
5822
4846
1181
8152
8086
9133
4002
9334
8287
3025
3889
5258
8441
3096
8639
23
890
8589
4628
1929
9081
818
1408
6780
4884
8558
9445
912
4843
2271
8427
2928
130
6037
8413
1285
6067
3813
7740
7416
7781
3097
3889
4215
8141
7615
9084
7152
2078
844
566
9917
1636
5434
6227
3204
7077
3798
6956
9826
3597
3065
5096
429
4423
9378
1061
1058
7617
3789
4729
8850
1249
6805
5278
1414
3128
9216
4805
5903
1991
2002
1016
631
6326
3288
2900
7571
159
4400
2481
9545
6453
8678
5565
9102
9411
5773
3052
6952
9698
3716
7518
8148
1813
7537
4027
8031
8822
1179
4641
6673
9695
2374
5986
4373
4286
1718
7308
1554
3976
523
6189
540
7310
1022
7851
3555
8840
5192
4121
9855
3750
3475
781
6673
6908
9908
7072
5065
6820
8621
4616
8394
2069
9439
2955
8724
9164
6939
9605
6676
3724
7253
5440
3345
4567
7070
1390
614
4996
9311
6515
5506
4446
486
4645
4705
2190
6359
4068
4172
2900
7708
1370
3072
9146
617
1411
9847
1819
1599
2064
9484
8316
2984
3582
3680
542
2870
9185
9858
1049
4761
5084
2886
4190
850
9872
3699
727
8842
6051
8393
3562
9379
3006
4490
5003
0
9030
7585
2923
4
1376
353
7706
4195
6621
7749
2528
2427
6395
7601
8527
4743
7531
5158
2222
5084
8161
5012
1761
5514
1397
3425
6157
6733
8137
9610
3486
3939
653
8464
2800
5169
545
334
440
2280
1477
4933
3268
6136
5328
5091
487
6312
7772
2498
3682
1615
8795
7922
912
8120
7554
1409
842
7213
7107
7062
8204
4431
7279
3630
3524
6225
7255
8234
8158
4115
435
1506
2595
5965
8549
4352
9443
7701
1654
3486
7591
1172
809
6352
9284
9397
6242
7515
3038
1037
5039
5819
8766
3518
7501
9381
6187
6020
8785
1557
365
7544
9585
5798
3006
354
2714
5304
9382
3502
8840
5279
725
6392
5592
1850
8965
9047
2721
1559
6843
6296
8095
4115
4919
7154
6579
2659
7027
7823
3378
5366
6315
574
9702
3772
5515
299
241
4969
9372
351
5113
1429
1832
5364
2700
1071
7086
5705
9413
9579
1146
7795
6604
4552
8452
3355
2773
5134
1919
3246
9130
2884
3032
3564
9431
1165
5177
7777
1472
4344
5875
4787
297
7218
6273
3128
7383
1522
7494
8752
5450
8935
4911
9071
9754
3457
7824
8345
1278
8770
9819
6941
4452
2831
7265
358
8077
1025
4986
9919
4287
5302
6562
2773
2831
3643
2412
1439
1667
1330
6633
9764
5737
8850
1166
2940
6174
7221
4504
6870
3617
949
2181
4981
9726
4927
9758
2991
1160
582
3929
121
5146
4946
5029
2424
4460
8931
1695
354
8645
9508
4532
7621
7007
2370
7485
2556
1207
8558
2061
9127
5476
5375
7282
8535
8471
4805
9493
1112
2714
8179
1504
8846
1441
9124
2313
173
7167
2481
5235
8885
5326
109
2193
3823
5871
9862
4539
311
2624
2232
801
787
3517
6215
6346
2332
7833
1561
5390
6510
669
4712
3250
8054
695
8656
3545
905
5869
1724
6030
8765
4011
3534
8020
4921
9136
9340
6016
1573
2162
3527
8839
7531
4890
7052
9965
4124
6201
3648
7349
8445
5907
3281
9918
7084
9530
6503
2158
2738
6633
6171
9201
1423
3756
6638
3348
5986
254
7564
7426
3600
1885
3290
4391
8144
8601
2238
413
4058
216
3412
5996
7051
9997
692
8190
10
7027
8543
9720
2437
8194
6614
7695
9189
1689
6822
8075
8234
2168
6260
5110
7953
6655
9691
4606
2789
5943
454
2196
5042
6197
2645
7319
1534
5006
1289
1855
4120
5025
7657
4172
1110
6659
5874
4125
7719
3090
8587
6255
4504
7335
6885
1000
3612
4365
1838
94
7411
2106
7134
2134
9597
2546
4865
6051
1819
3695
2636
1634
8048
1804
9636
4439
3916
227
7034
5117
3839
2798
5267
8845
4313
5437
9177
4844
1222
2969
8150
4987
1767
6800
9497
4940
9580
943
4209
698
3552
2634
5680
8009
5882
9606
2192
4528
474
8496
6756
4834
1602
2074
223
7815
6267
9827
553
9997
6032
5667
6184
4163
7343
4832
2852
8270
2867
4604
5325
6598
9356
1982
9433
4758
5002
1873
4759
9331
4875
1851
68
7907
5725
9838
6128
3135
2293
6826
79
4876
5065
25
2934
8553
6350
5300
1525
582
6726
8330
9287
3963
5575
8237
4255
3298
4067
1804
1134
5213
5689
3798
7621
6995
2412
2222
1856
7018
4076
4499
3123
9651
7998
2275
9929
258
8445
652
5060
7173
5014
2860
4588
7312
7963
3896
6058
3524
6791
500
2569
8075
5883
2717
6711
6141
7614
7790
945
6875
306
7725
3590
9760
6951
3874
3769
1004
5227
1152
8531
9013
469
9891
9701
8612
6884
3437
3243
7968
3917
3772
4487
7338
398
9365
4905
36
9403
7871
6917
4018
1777
4676
3280
2824
2060
550
9289
3791
9105
7950
6682
5326
1315
1596
8984
7997
2041
981
6460
6846
2590
6254
3977
1840
8896
7418
2783
9177
2022
9512
3011
3041
6836
7046
3069
3776
1577
5351
5677
8147
9194
8256
1450
6713
7745
4259
7254
7113
6283
3244
4315
3483
6188
9589
7148
1820
7052
7356
42
812
5148
3714
2178
9324
7177
2457
2661
7448
1895
8327
8714
6351
9436
7943
5323
2870
3015
3485
8632
9811
7886
9144
1584
850
3656
7034
3438
7300
7125
7637
6565
1590
9929
4550
6184
4019
3541
5347
8816
1982
7141
2639
5615
9334
3407
2293
5568
9398
8762
1330
3998
9529
1120
9860
4390
5942
5295
4345
5483
1993
3683
593
4281
4045
420
3737
2567
5571
9870
5902
1080
6970
8513
6516
3663
1343
9257
2909
4537
7272
1595
8603
851
8316
3722
3068
3287
2688
3958
5768
8565
4081
4803
9117
9057
8326
9390
7621
9122
9305
26
9896
3048
12
5176
4106
2481
7163
6687
4509
9963
3952
388
159
5572
9062
3041
2233
1903
8023
4260
5820
8882
1847
8979
3777
2549
4629
7687
4125
7054
2240
7079
3749
6530
8102
8623
9647
5552
8317
9035
1492
1414
6361
8369
5435
5841
882
9616
681
9514
6619
7167
5474
282
6420
4430
9539
1847
9896
8162
3970
9190
533
8294
4297
4484
7204
4426
2641
8428
9977
1595
25
3835
7142
5637
6370
5568
1148
3837
7875
7675
2357
3199
1868
5547
4312
8828
5590
4399
5581
7639
2936
3043
6184
8759
3758
1237
5853
3908
4795
2411
4128
9610
7722
185
3449
3827
9845
6234
7386
6548
4304
2199
8998
2825
9906
3028
6314
5353
7468
5353
3295
1981
2195
1170
5178
5528
8883
974
9611
9159
3793
9353
309
7090
2179
4099
9686
4417
7543
7007
2228
4016
9759
1927
982
2663
2758
5013
4184
3815
4828
2173
7139
4950
2035
9420
8509
1700
5668
5582
7382
1272
2697
1657
1632
4497
647
7985
8837
8480
5048
497
5769
6012
2721
6419
6550
869
7318
7631
3471
5250
253
7566
9384
9699
4337
4941
9136
6046
9213
5610
2655
4498
2856
8644
8902
9523
3550
6796
7647
4676
1983
1789
9403
6322
7970
5995
6776
5818
248
6734
1661
7052
9724
8489
9174
9570
3529
5892
825
836
9528
5034
4335
7546
7279
7902
5895
5790
7377
1498
8384
521
8671
2969
2280
3123
970
5944
1463
503
5163
1521
4765
6185
5182
6980
5321
2540
3395
9184
901
4017
5026
6029
1397
9351
375
1289
1945
7591
5009
1241
2839
9236
9852
5549
4411
5823
5148
2676
4320
9572
7375
9814
546
8485
2488
9151
3868
3901
5821
2412
8646
6658
387
4399
8966
7980
8843
9605
9417
8187
2115
767
6450
7982
7991
1646
950
6129
9013
561
9248
8821
5552
9327
7276
1675
9816
915
2525
8284
3454
3781
2494
8630
590
5451
6556
3207
8443
9007
4409
2268
190
690
1996
4384
9215
2527
9184
6604
487
4333
8448
5468
3051
7705
5275
7704
1774
610
1513
234
3136
3413
5448
6755
6659
7548
6978
1635
1681
3108
1555
9149
9293
1426
5224
2786
4573
3568
4800
7671
9854
9972
5150
1522
6939
7270
8879
4204
9292
2693
6868
1448
6565
7638
3805
4049
6116
5878
5597
3077
129
8947
6094
9751
5859
7630
3654
7663
9272
1418
9076
6868
2295
6746
7161
3330
9290
6927
7091
2687
212
1011
1768
5317
9163
4994
4379
6928
91
443
6941
9909
1956
8688
7295
608
802
7944
1415
6891
8112
4374
6889
790
2892
4977
2528
8575
8990
6559
5622
7138
5567
5973
2591
7088
7416
867
6176
8631
6639
5351
1115
3877
6517
5258
9672
324
7554
4584
9415
6031
8088
6190
6153
2071
2177
2742
853
6573
1028
7144
7016
3724
3407
7940
3365
4933
1578
3021
3256
6230
5868
7583
7136
1955
4765
7407
4481
9214
366
7210
7426
1578
50
5539
7472
2836
4213
4104
2464
7463
7362
6812
1801
5786
5887
7555
3741
6119
1275
6662
8704
3402
2513
4185
8222
4015
3999
7411
7599
6909
8918
522
7573
5042
4556
6046
1969
5307
7586
7362
8016
9128
9173
3138
9835
6136
3103
1371
3394
8846
1028
2372
1856
8903
4057
8334
383
7
1627
8121
2818
8278
374
1161
6825
262
9047
7040
8319
1374
6874
43
9404
7117
2282
9103
4395
9105
3549
4715
5195
5323
8018
5602
1668
2531
5635
4608
9440
5162
1705
797
6835
722
9819
5078
7919
778
6195
959
5632
6898
1536
7616
1164
7832
2384
9271
7335
9389
4820
294
6541
7186
2808
4676
4901
3141
6551
6209
8114
7938
1866
7156
9529
6455
8447
6506
5189
5124
29
4613
9125
6951
828
8858
7704
6195
4812
8727
2447
2841
4444
8147
4867
2153
5050
7644
1357
2393
6846
3589
8996
9474
9701
2320
6144
5881
6743
6891
8852
1174
6911
2716
6305
256
9431
2240
1169
9759
7437
1215
5879
2556
5632
8484
2994
6969
3752
7232
3605
6241
97
7270
2604
2974
7477
9508
6484
5305
376
6628
55
1794
2010
6397
1295
5509
9971
2142
3780
9450
6887
3077
2102
4537
6230
9604
126
3972
2234
5430
9512
793
2244
1652
4600
5228
4908
1684
3521
2920
1038
1038
2635
7151
7572
6523
4572
7174
4031
4524
8809
7834
2800
5794
2002
2842
8353
1859
1852
9330
3682
8458
6884
6971
1419
7730
9173
2300
987
5473
800
8573
8677
2288
134
4860
9249
7962
8584
2829
4152
5388
4101
3059
1438
6453
5387
190
7290
7502
3427
3215
893
9041
1257
1212
3278
1209
7663
1339
5655
3294
4723
5016
8970
295
9849
3666
1525
3713
9865
3909
4014
9999
7724
6711
2261
9693
4345
2401
8704
4906
3524
1763
2713
4049
2668
1654
8961
5265
8087
8808
6326
2450
1380
3248
1205
2816
408
1596
5438
811
413
583
1348
1065
1158
7549
5024
6275
5690
3333
8552
9088
3806
8415
1115
78
9706
5434
1766
5943
6040
1613
6144
726
4237
1555
586
8920
3130
5721
9392
1342
7892
7686
1521
9821
5497
5138
4724
8897
8667
4369
5545
8048
6195
8132
9227
2503
3396
2925
85
8726
7883
8852
7923
2672
1343
5461
198
6171
9968
6330
591
8452
497
195
8224
5982
7661
9108
7768
7902
7097
2454
8752
5975
812
4772
9987
9979
7150
2179
572
8696
8865
5216
8594
1697
4589
514
9919
9737
4089
5880
5617
6458
8666
7520
7251
77
6134
3337
7481
6005
2013
7141
304
4084
5958
9722
759
945
2618
3334
5010
9117
8622
487
7604
526
1
6019
3923
6673
1476
2674
8002
289
9462
7539
7414
9286
2314
6037
9077
9929
2059
6732
8967
3611
8472
9912
8374
1714
6946
7019
5104
6584
3831
1656
3140
37
1850
4992
7985
8097
9922
2070
7776
3608
9581
3730
455
3157
3253
3203
5159
7777
3623
1781
7932
5604
8318
4486
1027
7505
633
9420
5229
212
5659
652
1187
7978
791
8494
342
4132
2367
5200
9991
4678
3497
2691
8999
6602
2393
1935
784
9452
8892
2816
5597
2547
3339
6705
5307
8048
7260
5709
2322
5755
8401
6504
5713
9086
8329
9956
1284
8915
8486
3815
6888
5924
6113
8201
5889
2304
6238
5555
6425
4776
9439
2339
2814
7254
132
7612
4676
9041
6011
8301
1070
4379
7282
3687
9183
4907
6457
1782
7215
2600
3075
3125
3527
6050
4
622
1242
6486
8345
9200
3980
7525
3484
1899
79
5284
4084
4949
818
5083
7296
3640
4197
11
7995
3506
4467
7478
5085
7191
2567
3573
136
4705
8494
3924
7462
5587
5736
7681
5184
937
2230
2476
4154
7646
461
6347
9950
4005
4022
1676
8385
1311
3911
9834
4503
9909
1260
123
5194
6719
5577
1196
6181
2054
8799
8653
7097
8953
6864
1119
1269
912
3857
1259
3593
1305
7607
6409
3484
4492
802
8851
9509
3464
5400
8062
8919
1373
3412
5061
8642
1676
651
1472
7338
388
1498
2933
2181
6321
4516
686
3207
3239
550
6555
6533
6923
931
7345
7091
1898
7662
9126
5259
8427
700
9395
2358
5047
7933
7766
907
539
4618
6109
1931
9603
3475
8768
1523
9810
5925
8088
3362
377
476
5935
1261
5758
7361
157
9297
6938
4056
532
2641
395
4966
7909
4885
7242
5880
2572
2128
5901
9821
4018
6018
9499
214
7453
4395
3411
9074
688
2018
1228
9071
6842
5143
8457
7514
5677
6349
6549
5830
7087
887
1274
6632
1141
4462
4695
4306
1839
5729
3773
8812
5712
6660
542
6934
2871
3722
1179
6406
4492
4834
4444
2319
9748
417
9325
342
9249
1982
2973
8576
7172
2491
7835
7421
8062
6490
8610
9797
6094
5008
1961
8881
2094
9095
5811
5872
1107
4596
6228
7879
9128
8166
5612
107
2362
2730
3598
6677
766
5465
2195
9376
4028
860
1942
7368
4605
637
6878
7260
4738
773
598
8875
2387
2515
8026
1644
6214
3475
8968
8428
3330
657
7937
2038
97
5491
2804
1961
2207
3013
788
1146
7683
7066
289
755
6165
1609
3883
7728
6164
292
1394
5147
7531
3428
5771
5028
3685
9366
2296
9550
2308
6273
2661
8229
2335
2707
1945
1272
4882
1438
6891
3131
166
3776
6955
7145
7627
5404
2815
2464
1961
3800
5452
3843
821
7161
8842
9875
5301
671
5671
51
8582
1968
6247
7606
5688
2417
1677
9477
7894
8576
1418
6422
418
6779
659
7327
1871
9963
5779
7847
7622
9589
3536
6302
6737
8062
3153
3438
8865
2782
2145
9972
9289
9121
2781
7104
2042
9871
4414
6931
598
1847
8432
6747
9113
1809
2624
9951
6650
3319
5653
4696
626
4142
9937
7573
9949
6799
7006
9070
3663
8259
6659
4347
7380
2384
9009
6961
1360
4281
1127
2749
2929
9676
6641
571
6715
5974
3687
6247
8505
7972
322
6959
9976
8699
5650
6441
1963
4555
2662
8228
5735
6372
244
5157
8313
7543
5344
328
5599
1117
6059
5635
8867
4092
9375
3309
5514
1482
1287
1000
8724
6579
8821
5648
3365
4742
6903
8129
4001
5107
3736
1296
5132
8764
5597
4692
9513
4873
9111
4029
5559
7609
3425
3389
4163
2815
748
292
7947
8665
9808
4408
8081
3128
9400
4304
178
9301
7910
5876
2039
9676
3925
4299
3043
4080
1829
9672
4641
1413
9912
8264
3023
9946
1940
1490
5821
5477
4644
8415
4070
1322
8393
2279
7592
574
2024
7531
8729
6738
8361
5805
5259
33
693
4668
2439
3001
8595
6054
874
1998
1082
864
1486
4560
4444
9776
6251
8776
2999
2090
6942
490
6868
9121
9120
6314
1033
4523
4210
5481
9599
3378
264
8086
2215
9415
2150
796
1898
9507
7110
5467
4788
2656
5745
7460
9340
9150
7568
6818
2276
6460
2456
8208
5202
9561
3029
455
4376
8947
9731
2085
895
9014
8108
7102
2001
6278
2886
7110
212
195
5088
8296
7137
1861
1508
3981
7156
2648
4726
1559
8574
9499
2854
2417
6142
8781
9957
3041
528
6410
4793
4357
5303
6344
9540
5644
7055
4464
8724
3099
1524
8655
3419
9913
4720
4676
4151
5159
5653
430
1659
6147
6222
106
2379
8312
9949
2735
8393
7066
7620
8028
1560
4291
5646
1268
8013
6148
7266
5863
8476
8368
6598
3461
4965
8542
4471
3055
7439
7128
9991
9072
436
1697
3557
7634
3089
7293
8620
1669
373
6436
8043
9720
3775
4060
2141
1080
8327
2170
6419
1080
4757
1768
525
4901
2515
7299
3625
9034
9140
7750
5871
1832
8849
5788
9037
6132
1936
7741
6580
8104
3010
9205
4379
657
6161
3118
3614
2961
4208
9341
4966
5134
3073
6351
8994
1689
7522
589
162
3290
7553
8484
7845
486
6130
6002
8361
617
7360
9319
6250
7778
5281
5804
200
1963
7142
347
4014
5751
344
5304
3610
6062
3360
429
4583
6871
758
2171
2712
1690
4141
467
9102
9851
2041
3131
2802
1440
7859
6304
5074
9362
4483
2612
3054
6789
3099
8317
7394
150
9528
4065
9734
1721
3829
1209
1906
3180
7667
6681
3104
4695
1841
7512
6049
8609
2644
6687
3687
611
233
304
3737
6313
394
3537
5734
8549
401
5510
1199
6850
7237
9252
660
9240
525
8846
4142
8186
1369
3248
6931
2287
8176
9461
4786
6941
5732
7237
9322
9573
1334
4634
6452
996
6486
1325
2098
2253
4312
3186
1113
3185
4453
2453
1614
1106
6800
5590
1000
7602
4971
8543
5689
4091
2192
286
9466
4950
8538
5712
8860
3581
1362
7760
1610
692
5948
245
8361
3902
1106
9806
7442
6830
3015
6557
3925
1947
1968
8623
7833
9878
2099
9615
8039
7780
8849
1614
7904
1296
3307
6366
3488
9883
7405
4294
8916
4378
1993
2308
1154
4522
353
739
1571
2526
1754
4045
6203
702
2267
299
3410
5099
7453
7834
950
5057
5564
7736
2329
9854
692
9002
765
9674
2054
3099
1688
8557
7931
657
5720
246
4677
3796
6852
7622
6321
248
8600
8065
955
3189
3359
9407
6103
8388
4399
4009
3106
6648
8963
2050
440
5596
6619
2353
9192
7300
9574
1425
3928
841
9726
3832
852
217
6647
2649
9157
5189
2584
6384
9999
9815
7811
745
3329
7843
9666
3659
4940
8675
3992
3883
4344
9719
6530
5810
8628
652
1159
6967
6283
4019
8565
5834
2846
1178
4287
8000
3866
2354
7584
9231
1550
1480
6720
872
8399
8803
1661
6981
1222
3957
6476
236
6817
5295
4174
771
4300
1992
5632
4573
4739
434
3196
597
5189
2376
3356
7891
8101
1092
9565
9053
2364
7965
4961
935
1305
934
5603
9488
1860
1835
2686
7135
9680
5609
8227
77
7923
9428
3342
8548
372
4976
1123
8501
9208
7698
4808
5455
1141
978
7661
2511
5266
3781
7630
1989
2610
7368
858
5747
3251
3957
1732
8376
3677
6678
65
7066
1515
7301
1726
490
7122
8299
348
9431
8269
5149
2019
3276
8802
830
3229
8794
5581
657
8264
3114
7165
8224
1894
7592
1566
6370
5483
430
83
9389
6723
9886
9711
8228
6961
1543
9336
9989
7870
3339
2564
6051
2678
5924
1474
303
6266
8739
1636
7258
8010
8438
3557
1585
9146
4187
8864
7920
9351
8782
2863
6326
5267
6785
8952
9352
1995
8558
8125
3413
8976
6088
5555
2253
9747
1683
3906
3800
4776
2988
4505
264
3467
3184
455
80
1141
9885
6253
1756
377
1897
7458
5188
1127
5085
6780
8073
722
7601
9024
9271
4401
5922
8231
3912
6102
4284
7136
518
3528
2239
53
3823
3384
1059
5574
9586
6712
7524
8801
6494
2178
417
656
2441
6968
8114
4498
5557
4757
137
7598
8255
2932
4177
6336
5516
4442
4507
3987
465
2684
3939
2368
8490
7922
7903
7825
7506
25
5040
673
459
6236
4641
8988
2325
8747
4827
9746
9981
1081
5520
7437
3539
4185
549
7064
1400
2439
7158
9304
4445
332
8995
9048
7020
2703
2164
6293
5774
5643
5918
4174
9575
5565
779
3144
4219
736
3019
8074
5279
4290
4536
1008
9061
4703
9076
774
6864
1524
5031
5853
6636
9929
1163
4300
8089
8992
3438
1331
4557
2935
4331
9781
1611
5692
9472
446
65
875
2180
1661
136
6699
2504
1402
772
2768
9608
1339
3517
8467
1340
5650
674
5685
6664
4358
7375
867
8565
93
5740
8788
5096
322
7361
7184
6466
5310
2147
7223
5072
7896
6112
7024
6369
1517
6239
3939
75
1432
7370
7045
7058
9987
1509
5871
4933
3462
9436
6623
4177
650
6832
613
4310
3075
3532
4637
4099
9559
2831
3799
6286
2986
3565
4203
8783
4590
8552
1719
788
2318
4594
2239
440
1473
3145
3192
4131
2979
7210
714
5013
202
1619
8112
7481
1208
2379
5935
3850
1853
98
6022
6809
4128
1584
7242
2453
7629
8728
7733
3158
2111
8285
5542
2890
7612
3339
8114
5296
9588
4994
4379
3247
7398
7094
9374
7265
9700
2456
7650
3153
2027
4181
6971
2554
6543
5169
2915
4885
9529
3251
3653
2908
9493
2293
6545
1000
4473
8285
6544
7261
4268
8037
5757
2962
827
9915
3019
3417
2661
5007
7416
6493
4605
9780
4087
9229
7642
1235
6645
3258
3452
8631
36
8235
2089
8419
3938
2025
9674
1056
8116
4155
8883
6318
7060
3483
6497
375
1172
8444
1057
5336
19
4291
2102
7844
5129
7313
3222
1509
449
2232
6284
1138
6028
4082
7079
7149
3332
8349
6260
5007
2238
9080
2007
1115
1492
927
9368
2375
8524
9227
8566
4063
8441
9110
205
9013
2707
2870
4452
8551
9632
1746
807
3356
252
5914
4718
5225
38
5799
153
8976
4962
4523
3446
1784
8971
8675
4860
1475
4882
2356
5904
8863
407
8550
2647
2674
1560
7452
1176
4016
6721
8760
7751
9558
3486
8739
6329
5688
4142
1694
610
3923
2587
2584
4072
3593
5292
7718
4490
5422
4533
6510
3980
8144
9813
2574
4139
5179
6942
7948
3986
708
1123
2383
762
5218
6136
4737
2593
1119
3889
2050
9880
1856
9570
5007
716
6482
7841
5207
3975
5673
8610
8077
1868
1201
5032
6272
7073
4993
6097
2626
8566
2747
1409
7145
5720
9574
8998
7931
4373
5681
3739
6763
7086
7385
4261
2256
1452
6864
3494
4249
4647
3583
8762
8778
6566
7467
7250
5354
6242
334
2571
2921
2100
7320
1477
3198
1703
6691
8095
431
6969
175
7554
5802
1395
8952
5190
3771
6225
8474
7480
6357
9258
8457
4166
6419
6846
4797
1884
9218
7747
9294
1346
6768
8386
3963
2266
7776
5347
6836
4201
9968
2468
4953
708
8739
4607
3418
4467
9914
5715
6259
1862
4861
3690
5541
5459
8354
1868
5738
1111
4112
6638
9171
1999
5760
4544
660
6406
2591
7481
4057
4633
3018
5616
3776
5667
995
5501
3909
8843
5325
1784
9575
4845
3098
8069
3977
8422
1569
4426
9155
6335
5894
8151
1905
7331
9781
9614
586
8939
3540
6241
7700
3184
5423
8397
310
5973
7176
5935
5678
9893
4449
1372
8037
3134
9666
1553
3002
398
3269
8297
5874
6637
2972
9340
4051
8478
1790
6035
7801
2904
3662
8561
4188
5909
2999
3200
202
5322
3705
2991
7401
7196
9011
9538
420
7341
8465
6209
5030
5725
5563
6376
9548
2567
9347
9485
3997
2329
3643
4527
9235
7396
8504
939
5567
5809
6607
8036
5887
6025
1009
5348
7018
862
133
2113
386
910
2492
9402
7540
2950
8443
9270
2726
9865
2407
1745
468
3084
3904
8918
2015
5723
5254
4514
2522
9920
8934
9143
8398
5090
3725
3194
8706
4208
6007
1423
5361
6598
1354
9592
238
5551
8046
2285
207
7654
7758
8517
4570
1459
8395
3401
7509
4571
3219
9331
9907
6024
2374
7316
9705
5785
2407
2048
6587
4687
5809
5942
1049
2904
4375
1779
2342
3529
2600
788
8373
8590
5899
7625
7298
5054
6581
803
351
4929
7221
7361
5334
6791
9068
9761
7553
210
2653
6939
2673
3112
5422
3568
271
2841
9978
204
476
4288
5305
8967
2721
9408
8492
7182
5069
6056
1447
391
4380
6621
1000
1163
429
1336
3979
1298
8238
8558
8956
7066
4199
1067
9485
487
8630
5111
5586
9123
2417
1149
367
7150
8567
6941
9653
9145
3385
7747
5908
4124
7842
2866
5196
8948
893
2709
96
3506
6461
2950
6535
3921
2217
6719
1713
1377
4741
2654
9669
1078
7379
2641
5050
2760
4605
1369
688
1766
8173
9746
9300
3921
7656
3578
9192
923
8501
8727
5319
3719
888
6641
5753
9852
5938
1628
4707
3986
9870
8776
1212
8970
8736
2358
2087
2326
3032
5033
4566
4119
2240
4659
3529
5110
9588
7396
4108
8262
6917
2053
4468
6213
9198
2996
5152
616
1469
2454
9884
4936
6134
8371
4773
5458
9991
1015
1877
9002
4987
224
6296
4917
3437
4013
2232
5674
6472
9537
5262
7120
8554
5060
1569
8753
1706
1064
9452
3282
6502
242
1594
3403
1137
2178
4387
1352
3110
3727
6205
4015
6780
8762
2116
9715
4307
5589
4966
1908
2978
9686
7236
6763
2618
7019
5483
1191
6913
6570
6037
4998
9086
8389
158
9154
9289
4300
2366
8878
592
7999
3110
4167
7764
3898
9910
6856
5469
2584
78
925
6385
8111
6800
7943
7217
651
8862
8776
6533
1476
39
8977
5360
3703
727
8498
1879
1220
8654
3478
8540
8969
784
1290
7234
32
9587
4346
8944
3775
1413
425
1592
4077
1207
9225
8120
1834
1348
5678
3783
2308
3312
3854
6816
852
6061
6553
1133
4381
2513
9360
2415
6813
7275
3361
2312
4364
7563
8
3271
9101
9016
8717
2682
9558
2220
8620
6370
5326
4932
6275
2464
748
412
8186
7624
9738
2318
8490
9969
749
7212
1373
5329
4563
1163
2853
2537
6229
9372
4115
1489
1697
3379
2749
3719
2327
8473
3900
6709
2400
7819
2014
2813
787
1937
9701
7222
106
8040
5600
9883
9607
5343
6519
769
953
8173
5063
2052
5018
1900
9567
7013
6223
3489
8490
4589
8108
7999
7851
8132
9954
1402
8587
2473
7421
4843
2781
8603
9568
6347
5458
6742
4638
4187
9149
9685
2377
836
4875
5982
5686
7266
7413
7342
506
912
1540
2377
7001
1757
9910
9161
9136
6802
4995
2001
8938
3070
9520
3430
9672
78
1967
9656
8375
3239
8964
7553
5962
6483
5220
7253
9445
2519
1421
7932
6444
137
9157
7741
3881
37
709
9259
4507
2191
6378
3054
5936
6398
5088
6925
4084
2241
1818
4051
7181
7440
8121
7575
5272
2709
3722
3129
3042
3590
3588
5902
2009
8694
2700
7501
9485
8140
7723
6080
9408
3398
2673
1326
9331
4226
5255
9910
1659
2903
9283
3389
5273
7118
4600
4470
1812
8525
7458
2023
5678
5350
7585
4459
6341
4372
256
6839
4569
4789
9432
3279
6940
1615
7182
4972
7390
9670
9483
492
2012
132
4022
4311
2301
2268
6250
4177
4145
9397
4015
8789
1173
5428
9696
3540
5101
6576
9194
9818
422
3606
3270
6490
87
689
6553
1702
7165
3955
1317
9614
6393
1043
4537
2951
4483
2561
138
356
9247
2478
6453
813
3872
1651
5360
5025
4349
9915
3637
2812
2801
7734
557
3606
4026
8443
4293
9465
1242
4783
5787
7866
2802
3178
668
8296
6414
628
1890
7995
8157
766
6416
4147
8417
3341
6422
2203
7546
6577
4941
480
2750
1329
6207
7597
6695
2732
2795
2397
4933
4925
3788
9923
5093
5495
4055
3570
9155
9413
5435
4109
4627
7670
7281
287
1038
5074
8843
3355
6065
1289
7387
7949
9515
7803
2064
3886
5112
787
846
369
8241
6445
6055
3122
4953
2250
6686
4105
2306
3241
3180
6393
9709
9104
4986
9447
5642
7626
3947
6991
4300
990
434
7422
3556
7893
3825
1010
1016
3516
9482
7310
2490
4495
3673
9367
4108
8428
268
9036
8152
4600
4916
5880
4097
165
2235
1047
3278
8231
5413
9914
3672
8589
220
1765
1820
127
6330
5037
9417
7622
5770
627
870
1754
2457
7763
5677
254
2261
336
1070
4190
5030
3182
3128
4931
2295
4316
7830
263
2694
5087
1118
7085
9987
561
238
6071
4680
8088
3234
8908
2023
1587
206
5892
5463
3592
7912
8704
5792
3894
7401
4619
3570
4824
624
6412
3413
6061
5468
3445
4595
4833
1877
5473
6649
7917
840
6612
1566
7781
8828
8237
8605
6544
1033
5155
4010
4371
8591
1816
129
5964
6877
7652
8541
67
7568
9648
6758
343
5569
9508
7952
2958
3174
1147
1399
5036
3288
7794
8909
4238
2117
8640
3210
8511
7195
9361
8354
9962
9975
901
9403
4587
2724
6563
6194
9944
439
8341
1564
7064
9982
7051
8159
975
858
8324
5193
8163
2039
2915
9668
734
254
8771
9881
2301
5462
3473
1140
3008
9072
9669
7634
8974
1700
1003
1679
8023
7728
4917
3568
9182
8367
2630
4175
774
9377
5600
5213
8208
3218
1808
7706
7422
7845
4570
6830
9244
3761
7012
5522
1837
3253
5970
8176
6420
523
655
9031
4969
98
6380
8949
9739
8694
4757
1400
5079
4375
6112
387
7527
1009
504
9974
2645
8616
1323
2216
2953
5802
2516
7855
894
4251
2390
4640
2332
7264
8464
381
9577
9789
3853
8435
8264
6120
8869
8209
6796
9215
6009
8720
6380
3789
232
6344
4160
5074
718
360
309
7274
2192
8949
4858
7895
2829
2069
6216
7290
5194
6026
8622
2725
3750
1042
5427
2411
803
6486
6105
6017
7210
4315
1040
8990
4384
8817
7823
8208
8358
9429
9473
5195
5543
8662
7343
5449
8499
2110
8774
4641
8122
7486
4273
9761
2659
9420
8195
433
8945
2517
9274
9215
6051
8727
3182
9837
6057
9975
9271
1800
5012
543
7763
4437
4530
8574
6022
6253
4703
5445
4480
4946
6571
1399
7814
3543
2903
8119
2984
7881
695
5818
2724
9909
1271
2104
4549
2392
6664
2001
691
3916
2976
6427
4283
5959
2974
3641
9875
2123
7173
1613
1614
5281
7486
7105
1591
3297
9309
9387
4523
5500
3174
1748
2860
6559
3282
1460
4669
468
9654
2824
1171
7176
2376
3705
1683
8432
8960
7104
3247
7597
2504
1655
8455
6404
9183
1783
8547
689
3161
6646
53
4582
2866
5132
8112
8453
4747
4527
7839
2323
1862
3956
4154
1764
8178
875
9260
1785
6532
7448
3718
2681
4955
9015
2905
9526
8895
4512
5798
3275
2919
7780
6161
1297
9578
9185
8330
7023
6278
7698
3258
9627
99
666
3269
1942
650
3921
7989
9450
6997
7154
882
8679
8586
5955
1419
8118
4895
6298
9930
5875
6954
8273
7945
6650
226
4394
4581
9251
9244
4966
2667
4383
3496
2328
4449
2145
6896
8454
9098
6930
2937
8550
3383
3236
7288
5887
4801
4396
2699
8546
7514
3759
1523
6957
7251
879
6951
1136
72
3873
5478
844
6250
3358
4279
5269
3596
225
1004
3918
9131
6755
2008
6174
6761
2502
5553
2057
3043
4975
7380
1178
302
4560
4603
7202
2341
6418
6204
4672
77
4593
1939
2612
2073
1439
922
7015
2669
1292
7035
8918
7236
3394
3512
2542
203
3076
8531
6336
7737
6997
9166
8402
2482
5867
3085
3368
1165
3744
4206
8230
3478
5174
5687
734
7705
5769
7307
3404
3918
6996
6176
5928
7921
7544
5980
6848
5181
96
8534
6867
7614
6218
5716
1474
857
4844
7615
1780
1189
5020
164
6297
8843
5483
3391
136
6249
770
257
4503
7866
6357
470
532
2378
6603
2314
1274
6460
9
3162
5886
3808
6812
6499
6273
5489
4187
6115
6456
956
3597
258
9168
3808
8062
2066
6479
2587
9419
2304
198
3093
5318
2753
4449
5644
3723
1603
5786
4777
2738
2961
4079
6193
6376
7400
5149
8632
1574
8704
3788
8850
8539
4320
3310
9026
2133
8027
3984
9406
1774
6943
9608
4828
1286
1132
5968
4104
1896
9542
3579
6770
8927
9520
1621
3618
7018
5507
5135
4469
5439
2529
1653
788
6454
6883
6935
88
5556
7228
7917
4782
6940
9324
3059
2669
5257
5073
5333
7033
2513
6458
6563
6462
9857
5741
8447
7943
4964
9967
1037
7535
480
5183
4341
2133
5069
5177
4512
7818
5725
7379
1854
4009
4558
6381
1941
7638
6626
949
5931
1447
643
6339
5763
2473
4817
1443
7099
9430
4866
6951
8151
5760
7374
8309
9701
4838
5131
9025
2985
8757
3316
7865
9198
1890
3021
2459
4703
5903
3581
7060
49
702
7942
4696
1660
3970
9746
6093
2842
219
7053
9714
3211
2235
609
3592
48
4641
7989
2898
2154
2964
6282
4412
493
528
5354
5016
3274
6435
2531
7644
6323
9992
9774
2191
6300
8627
511
1305
572
7077
91
748
4569
5195
8499
6821
1742
8248
1073
3275
5540
9899
6495
7574
1130
763
3372
8785
2558
9744
5519
4530
2806
1983
979
2228
234
2162
2507
5369
2696
4641
6988
7166
4179
8019
9274
1788
9868
1014
424
2236
4269
9906
5114
81
5727
8418
1092
9490
2426
5913
2202
781
6444
9289
9937
5761
2962
1693
5431
5430
8473
8489
4013
3677
3912
8820
176
3800
1492
5243
5379
6464
3831
9427
4828
7873
4157
1006
1785
6847
2116
7775
594
4919
5112
8428
7709
6191
9059
6566
251
2701
1329
3297
1192
1140
7239
771
1167
477
5795
7346
6377
2446
609
3509
4444
3757
4733
5532
4220
8837
4194
6666
8571
9348
1167
5797
3214
7992
7813
6341
4213
8087
4213
858
4016
7063
5618
8156
4686
7062
862
7301
9274
715
676
2519
24
6473
2535
3032
3421
4668
7784
5241
4592
6566
4995
8756
7737
9478
4085
7915
5934
9626
7355
6051
7167
3316
2655
1750
31
2577
7117
1200
1434
5951
684
1500
147
8639
8001
1126
3714
774
5403
7124
9466
4372
1688
6114
1890
7624
4598
4993
2060
3218
9330
8645
8676
9437
2322
861
2868
5510
3138
496
7947
1988
2250
9190
7743
9509
5204
998
5524
810
5040
1923
9011
3669
3366
3040
7149
4927
5699
5758
4689
7925
3925
8223
7955
9418
8183
2147
1493
8849
8906
3247
3024
8561
5266
5068
7265
2179
2498
7060
3594
3497
8026
5280
2494
5987
7879
2246
584
3208
2588
9925
7422
4768
3668
3200
9922
4057
1848
9110
3145
828
8057
7320
9439
3043
4003
3788
1514
6023
4867
2739
1939
5518
8540
5184
549
8031
4439
7065
7242
21
4813
1078
8864
2876
1025
7945
7896
9373
8121
7034
9871
6951
5266
7713
971
2139
5246
598
8083
5737
9172
4562
5638
4249
7304
5142
4769
5812
650
7716
4367
1712
6554
9316
4427
8462
7461
9268
4780
5220
7121
6629
2153
162
4620
6052
9395
4021
5223
3381
8962
9241
7378
4935
8708
3294
7164
8251
1129
7824
5242
8289
4511
9733
6570
9899
3274
4150
6155
3318
8672
9939
2289
6469
1830
9082
6356
6633
5057
8789
7946
1219
5648
7611
5817
575
7345
4088
9037
5671
7248
320
7273
7095
8631
8988
3240
5818
5833
4527
6855
6554
4567
9048
1527
5695
7369
3802
4629
5553
7660
8357
8158
2220
4677
6104
2277
1315
3207
5500
5468
5924
9198
8594
4527
6981
6698
8235
8602
5197
6052
6037
6016
5737
4914
9463
8104
4607
554
5388
474
7860
3502
8222
1507
5132
4947
2490
8084
7470
3008
3869
4979
903
5438
1543
8418
8357
9641
2469
6577
4858
810
6914
8347
6367
8321
1417
8295
8914
514
1045
6703
650
7764
5855
347
6455
8472
9222
8618
7786
259
2692
2164
5004
8825
5038
6250
8510
4496
3266
8077
9684
643
1128
5229
4381
5926
530
6998
343
1108
7504
379
4704
7500
5907
219
2492
6920
3303
3753
5617
9941
9001
5775
8726
7668
8323
7798
7981
1871
9929
6602
6763
5292
4441
7231
1540
5337
5741
9563
7922
3917
9209
664
1629
1791
3267
7270
3575
6499
3534
316
640
1850
9362
5937
5151
3259
5970
5498
1664
4298
746
3251
4759
7474
8543
9844
6938
547
8753
9001
1150
7882
2132
2045
4772
4314
6082
3550
7601
6960
4209
9273
8740
5881
5467
5556
1677
9963
3445
4494
809
3817
2640
1797
5616
2447
7182
2528
421
3489
8703
7237
9727
6320
9855
2687
7589
7201
1919
4189
5325
4420
6361
7157
6675
2886
343
4108
7361
7448
8402
4538
9699
5072
6132
4017
2732
2401
8327
2174
7914
8838
2179
3988
1990
4006
1713
7857
9642
5302
35
280
987
4354
768
5585
9533
6013
8316
1332
9250
9759
5875
4367
3025
8824
3403
9937
1252
6303
6073
1789
603
9867
5845
1903
9310
4443
2925
3628
3970
8432
7437
1488
8234
9940
1844
8738
7591
2089
8746
9444
5709
3500
1327
2255
6993
1013
5288
9658
3055
9805
1394
7363
5852
6709
2642
502
2728
1739
6463
8530
13
8567
9342
6330
6973
1453
8349
7048
4357
1091
9980
4577
4685
7174
9719
8398
9014
6018
6035
7137
5470
3711
8873
9278
7796
5780
8167
7355
748
7092
853
3333
1023
3834
5123
4712
6966
3124
8160
4162
9304
4359
6780
9645
2304
3002
8473
2152
376
7549
3993
6413
9707
8991
3520
2540
8668
1116
4273
2944
2828
8815
4592
313
5838
8607
6693
3663
4351
6481
947
5444
8711
2264
93
263
5175
7882
239
8744
97
4192
7440
2469
9826
5483
9284
6706
7300
9139
1096
667
4602
5702
6773
3169
3732
7437
1266
2990
8610
695
6754
7005
8569
9925
5575
9470
3045
3412
5641
9011
2197
537
9791
1859
3796
8348
9472
4215
108
1724
1034
3152
3014
9669
7748
4085
8826
3433
6258
3621
3171
9020
3426
9001
1258
8563
9604
1975
961
2372
3716
2432
4835
4871
1881
8737
3355
800
5201
9023
8024
6116
2533
4634
8300
190
2901
8444
9446
6201
6404
2485
2672
6562
4756
7845
1699
5323
0
3369
2916
5486
7408
5639
6401
7249
6347
1087
8905
6162
4886
889
227
4208
9111
7794
8484
9800
9928
2621
2229
5107
4170
1063
6328
9049
2873
1570
61
2018
2533
4983
2640
3789
5627
4767
6710
7344
5107
5108
5330
5416
487
7455
2543
6654
6814
5018
5015
7790
4822
6319
6840
6949
6331
1358
2153
6520
4039
8555
3116
8123
2157
4133
3611
8524
2381
7839
1175
752
2853
711
1822
9096
1549
1372
8743
3943
2839
5662
1270
7154
3161
1321
2371
2828
1829
8425
2626
9397
2205
3364
7266
866
4738
1971
7195
124
9513
3978
7442
5871
6133
6859
7819
5667
395
4689
1954
527
7194
7057
1435
1571
7270
2256
4358
1078
8531
6951
5704
9339
7942
1213
3449
6107
64
2151
4939
1239
9804
8274
2702
244
2905
863
9090
6708
6162
3196
298
2323
1487
3315
1835
1684
8751
1941
9913
9330
2924
6938
7202
7843
1740
9939
3056
6337
6792
3805
6011
5530
3391
8566
7473
2596
4401
1482
9885
2322
6210
303
428
3447
8057
8025
6447
5106
5270
7732
2099
2330
5454
7533
503
7899
889
5061
7781
5632
1906
2512
479
171
1041
8854
6525
7898
2539
4565
239
4402
9841
2742
2580
4033
7245
4438
9662
8961
365
3563
7456
9042
1785
3607
5462
5481
7679
9628
6793
5796
8544
6570
5636
4637
4351
4338
8772
8787
8689
8648
980
3108
2131
9599
2827
825
2541
3411
4800
307
9278
9604
4735
3911
8017
8444
4913
7936
9982
6993
3147
3128
8471
1186
4699
5241
2047
8740
6519
4277
9627
7110
482
9912
8633
7326
744
2230
7622
5509
9954
5365
3688
7573
6156
1598
3684
149
2570
9637
6198
2843
8566
4145
4911
1914
7578
4533
737
1878
5660
5934
9643
451
6156
5695
6480
1490
7912
8187
6592
9629
6353
8800
5175
7632
4532
6174
9331
9215
1626
5338
7500
5486
1505
4022
6530
4540
7528
9863
1237
3107
9825
422
477
9385
6467
7089
9609
5129
9676
2597
9981
9475
5546
6987
8837
9884
9098
5219
3892
4258
209
6959
4802
1753
6954
3121
2801
6866
9832
9996
9251
3933
8019
1340
3982
9579
4116
7569
9441
9553
6287
5354
1468
4526
3608
8767
3850
3274
6696
7581
2249
3107
4837
1681
4697
246
5738
4621
8725
9521
6674
8502
3296
3908
9054
1258
7962
6072
7576
1549
9924
5525
9420
2738
9184
3483
3787
3094
1505
1259
7627
6152
9620
4422
7104
2833
5026
6518
500
9812
5510
9016
4599
918
1254
8563
2019
5376
1199
6062
8401
7327
1269
4240
1028
3171
9635
5440
5119
734
7489
2702
570
1477
7659
1583
225
4556
2456
7923
5874
494
7744
8479
6638
5056
7468
1986
3627
8311
8488
5382
9778
1677
4467
5889
9912
2286
8460
6317
4111
9705
2750
4402
6824
3157
8179
6533
8223
3176
6209
8430
4962
6703
8445
2397
8850
2867
3441
557
2550
5311
1203
4498
5653
2842
1379
7173
9036
1796
5114
5325
6215
9886
1075
8724
2108
3564
7970
8193
891
6367
1426
7159
2265
218
5878
1737
8800
6576
1316
1652
9419
7248
7700
8902
3061
9174
540
9625
2956
1464
674
5466
3231
3666
570
4279
4149
878
7486
4113
4540
2846
611
3065
7757
8922
7484
5272
7327
215
1830
7876
6458
9367
448
5399
6642
7859
5953
600
2196
4815
5215
5152
9445
3015
3777
5626
970
613
1238
3073
1200
1482
4619
6167
4239
554
1492
2858
4350
4925
8743
1312
2705
217
274
2557
7289
6140
6465
8585
1906
9629
5367
5664
9949
569
2007
5907
8921
2818
1935
5675
1799
2779
3351
5109
1984
2744
1756
6042
1560
3161
4695
9121
5916
2434
8139
7389
1417
8201
1642
6548
739
1931
3190
7468
4166
2360
2780
4091
8361
9211
4420
7058
1412
9636
1528
1144
2228
6798
2423
5498
3470
7314
2544
8182
3812
1374
1688
5629
3273
8594
187
705
5583
8131
2525
2591
603
5662
4344
7637
5320
3390
4173
7134
9925
1544
2918
5758
4506
9921
889
808
8839
2860
2362
4771
9063
5523
3855
7479
8187
5522
5051
6244
6864
9745
3473
1884
571
8333
4315
759
3097
8216
9256
4345
3964
9118
1875
6569
9566
5640
8160
3868
9043
6561
4973
1341
4250
6458
3551
8934
8926
1617
4746
8327
7751
7974
1980
768
3176
6185
9976
8408
8723
8889
9060
7998
2845
4155
5423
1569
7070
4734
7829
3473
8783
5810
5193
6218
6398
3444
5217
8243
5067
6501
1334
1905
885
1201
9139
6055
6022
6624
5258
6462
1830
9755
1459
861
8013
8740
46
9862
2223
4995
147
5644
2325
4272
1538
9059
3896
7639
3968
8047
7053
6643
9229
6087
6578
3534
9844
7618
5074
4382
3841
9967
2179
6616
6482
3562
8521
6981
7087
8949
4928
7540
7089
880
6330
6765
2986
6945
7543
1323
2468
7713
6920
2125
6605
992
2517
6130
4710
7826
5482
4952
5756
1742
8561
5059
497
5300
5
8884
7339
7415
6566
7318
9119
2515
2879
5113
9974
1680
7268
9859
630
7228
8077
4746
9642
7849
9404
5132
3453
1140
1193
8256
2212
4672
8729
6117
1551
8950
2285
1463
3274
2165
9397
8231
8535
1519
3383
3208
6277
1379
6679
6266
4401
2672
3492
1702
8492
973
6914
9464
3227
6646
9617
3456
6898
6704
2237
9422
5066
3152
848
1394
9545
3475
8717
8607
7024
2073
8602
2421
4687
8467
3521
6887
9062
1528
5216
1028
6570
9190
5232
94
2953
7151
8840
3129
8098
4478
4315
4228
3156
2390
6892
2949
5129
6234
4544
551
9210
6830
5944
7235
2172
251
4578
905
1420
4535
7055
795
2490
858
1521
163
6584
5151
8059
8824
151
9860
9527
6548
4123
2571
6573
7910
9469
5956
959
3412
3035
368
8976
1002
1546
8904
2369
7646
1574
5960
4948
8369
6967
3120
6432
2513
1277
341
2210
1517
4029
9500
6827
2203
1502
6119
6584
4171
9224
8583
4103
9415
8719
6482
4779
5710
4582
6381
3431
9105
8642
9009
9486
1713
3386
833
2306
2999
1525
9535
6507
2215
2892
6443
2867
958
82
5578
6521
3867
2684
7803
8506
7237
326
2172
2756
4968
6458
7209
7930
4701
5663
3366
497
9823
7454
5513
9976
8799
6622
961
6051
5050
4656
7906
8916
1984
9483
2417
4686
4001
7550
8167
865
8676
5232
8001
9796
1716
9355
9738
2350
6801
8967
1435
8778
8066
8045
7266
1496
4057
1034
3626
9887
8464
2352
2230
8610
2644
6691
2563
2225
3379
1311
9701
9079
4515
6663
6176
4777
8734
9659
3917
3944
8075
126
1355
3552
1061
8590
286
9187
5032
4781
4862
1433
4576
8440
4536
3058
7069
2097
6265
1548
7032
2150
7679
2498
2758
6378
4694
1406
1592
5124
8807
9196
239
8141
8555
6618
2879
8949
5283
8104
9057
9881
7199
4980
53
3928
5074
4692
8322
9128
6895
2505
4217
7020
702
3439
1257
6006
9597
6992
592
4535
8842
7319
2875
6696
1243
3288
9908
7516
4952
8696
3686
8580
4641
5441
1520
5488
9094
1487
1612
8581
7590
2204
8847
3088
5909
1762
6928
9766
7324
5532
9950
2718
1201
7251
7631
7969
9746
7039
1675
5594
7564
9954
4683
6609
9241
9337
1677
6042
5732
3699
199
1674
9867
2670
7910
9666
1050
7488
7447
1135
6521
744
1803
5574
3921
9486
5780
6063
8536
9618
4938
5161
4136
227
6745
8508
1458
6681
3508
1923
23
3305
433
2565
4063
6201
3708
1067
5874
5165
6591
4420
544
2443
7170
2252
9263
5236
8242
9997
9069
4572
6187
8939
2294
2717
8520
2013
8489
390
7936
7198
1942
948
420
6434
4748
8736
107
4704
3833
4220
6404
7482
3224
2371
9646
1179
9369
8489
2623
3914
1288
9550
9624
4502
625
4893
4519
8453
1076
9369
5366
8609
2260
8212
3016
5504
2047
690
9474
7035
1385
7354
3881
249
1037
2210
2432
2346
9600
4172
6449
6375
4665
3443
8514
4399
723
8927
5118
6949
2560
1547
8820
1722
2728
8173
3691
8803
769
3607
7790
6344
3626
1202
1930
3849
3755
2475
5620
9261
2108
5385
7115
9588
189
7507
5741
8867
419
2012
4393
1793
2024
2474
3232
6523
3381
5442
9251
351
8721
6732
6176
3149
2308
2671
2372
2566
4888
7681
3214
2085
872
2880
6575
9518
7941
4274
8551
8727
4281
9906
5493
1555
5737
1194
1559
8524
6963
9948
659
5874
791
5238
7160
1185
1259
2245
5448
6069
7023
1262
17
9493
5431
22
2331
6940
3225
3447
7232
7958
8626
394
8314
8443
7299
6940
1619
1478
1059
6595
633
3679
8453
9499
839
467
9204
2880
9865
3068
3190
1917
6612
8446
4681
4397
1250
7537
8144
7752
2619
83
9313
2648
5972
4753
6077
6299
5942
5902
4797
7364
3049
9424
3744
329
8272
16
1735
1729
8710
8849
2485
753
1817
1049
6306
9917
654
3846
6275
5938
4345
6851
4350
4024
7387
36
6848
8645
9621
8846
5687
7248
5098
1111
6001
4067
6988
5981
5868
3860
7256
1309
8312
7687
6889
9523
1096
7947
4764
5043
4392
6662
9614
4039
4596
6872
3461
1189
8379
9461
595
8335
8044
1362
8469
7346
8524
3497
8880
324
9067
8834
8301
2697
5629
338
8341
2555
3501
4706
423
7183
3614
9589
4920
2513
4652
4061
7945
2788
4258
8620
8452
9817
9916
3379
1081
8848
9736
4246
9026
7159
6708
6440
3595
3716
4560
2161
71
743
1558
4097
7500
1003
7847
3382
2214
4065
868
2373
5019
6953
5331
7655
9837
3526
5192
512
9594
3418
5639
8105
2675
5970
7519
7532
7028
7269
6710
4167
2738
4853
9437
7653
8467
4154
5197
5611
5141
1626
4207
1244
7444
1032
5992
1082
758
95
8403
5576
9598
236
7264
1021
1994
5501
2475
7329
8868
9240
3339
1065
9092
4293
5117
4100
8544
2632
7351
7905
1353
1501
9934
7334
5968
2782
1130
683
8316
7688
8040
6590
3818
9831
4459
2517
4845
650
6271
6311
5196
9775
1955
7285
1584
4001
3443
4555
6084
3185
8541
582
368
7849
6588
7522
1472
4160
7586
200
6218
7627
9495
5192
2168
6170
9020
1825
8795
3458
979
6904
1191
9089
8517
2944
5899
9846
9853
9713
996
6467
3534
4075
8221
36
1156
3094
5826
5733
2702
857
6361
4185
2206
5778
9838
5161
8520
4190
6160
8144
6939
4748
4716
609
8632
7393
8295
3396
8848
4614
3617
6803
8892
5241
3732
5332
2746
5689
3983
4367
1725
6031
4918
3740
9404
4192
4491
4134
4251
2562
8044
9869
8377
8927
633
4549
3873
1027
4765
6089
5026
2862
6328
2977
2100
7818
999
1815
5498
3176
7933
2757
1588
4332
3233
4897
2297
9551
1465
4405
5537
6874
6104
6586
4403
5387
9434
6765
4575
1075
3428
4442
6082
5806
8799
1879
7192
5618
8622
2398
6173
4482
8536
3358
4233
3219
9415
1897
528
2105
9005
6667
7580
8483
9284
6962
7255
9178
4149
2857
8020
