8572
764
1741
6139
8949
7418
1816
4562
272
8846
1076
8751
6519
1737
744
3855
2620
8346
3901
6413
729
7190
8966
1642
7411
9754
8331
6561
7905
5423
7548
9995
6530
709
3267
4229
2479
9625
5967
8045
3634
7259
2571
8050
4459
815
7281
1063
4477
2440
9743
4204
7284
1411
3712
7658
2870
588
8036
5432
624
6577
1772
716
5752
7550
1624
9809
9062
7665
25
252
2850
9282
9180
2309
1977
907
1812
5553
2989
4915
5173
6403
2391
7554
4099
7978
7496
6515
3153
1381
5332
8271
6908
2837
8116
748
8828
2485
6385
1727
4031
7607
7126
4698
6249
6355
6988
9501
4648
1199
3886
6968
7348
8230
1050
6343
3623
2078
4546
9921
7652
8218
2244
1214
8779
4989
976
4697
1295
5029
4107
9342
4467
2877
6065
7695
1332
3830
3492
4748
636
8637
7512
8275
2944
6612
8835
8399
9126
599
1047
7186
3300
4841
2077
8523
9707
5522
4523
2209
3752
6160
251
1745
4961
7046
6828
7858
9255
7656
9150
9761
9223
5615
2587
5161
1089
9078
5670
3512
7111
5141
3182
3640
864
7049
8757
8364
2577
174
7212
9725
1796
9287
2196
7823
186
8129
3427
4495
4785
4170
2610
6899
108
5374
8102
7254
7642
3850
4131
3864
4712
4416
8959
9090
9372
4655
2776
3719
4017
160
8340
9146
5764
3565
6987
4896
6985
3980
110
4369
7845
4530
1795
874
8860
8572
1400
9956
7231
1953
513
5427
3898
3461
6848
843
455
6831
4216
8927
5189
4023
9460
4174
3252
8157
1309
6364
4684
1866
3553
749
7956
8111
7161
2355
9231
7592
1770
8817
537
3284
4620
5308
3903
3989
3642
9038
3623
9507
38
3772
6851
1836
5286
6554
5005
3477
6246
2536
509
716
2884
7490
5001
2394
5302
2986
1220
6781
7982
4332
7622
7088
5703
8703
4737
6888
468
3592
8342
5914
5387
4037
2456
2889
9096
7969
7628
5822
5491
145
9077
7768
8479
9319
1388
3689
6357
6053
9253
4201
1883
9731
8338
2176
9555
7298
6566
6021
3193
7477
5718
6263
1452
7270
3475
8495
1658
254
8857
2737
8891
6837
2391
1361
6849
7492
2540
395
1267
2620
2268
4266
6972
2090
4869
9915
1129
4182
3104
8491
3029
6270
5146
3876
1295
4567
4757
4917
6131
5079
7519
3289
2272
3776
8025
1941
5680
4180
3183
5171
6800
9728
237
1630
3401
3697
5334
3619
9818
9525
7756
7769
5775
5795
8667
4275
3016
4265
1958
928
7907
380
6388
6796
3039
8208
1986
9952
4480
828
3745
9252
5084
3294
4766
8075
9312
7794
3678
7604
5351
6688
4879
2213
3194
323
4972
947
3946
4438
9983
7033
5992
7883
6864
7795
1580
9322
7886
8090
4412
9986
5495
5545
3095
2964
9540
6518
7319
1700
3066
8468
4612
2508
7886
6458
1566
9225
2952
3202
5073
7077
7955
9918
3278
3627
21
9076
3178
3412
4849
5494
1926
9211
2568
5821
3971
3884
9529
2661
5121
7784
730
966
6791
3545
6499
711
9235
3482
8639
4421
3553
1314
4815
5179
603
9800
8838
8776
7681
976
7678
8489
6517
8925
8226
1067
426
3144
4420
145
6811
3046
4348
203
708
8108
3427
2033
7143
2105
5328
6199
3795
7056
5174
118
8555
2460
2251
90
2865
1886
6711
1356
9095
4019
2400
1224
8802
7
2382
3836
5602
7443
7056
2506
1687
3518
6820
5902
4663
5510
5652
7292
573
9086
3149
4533
5511
5101
4819
9161
7894
1640
501
2467
1794
601
3552
4491
1280
5144
7957
4458
190
9520
842
3678
7288
6569
8895
9148
7891
6000
168
5738
8012
2104
3209
8645
6278
2246
438
2458
124
3460
63
6186
6900
6515
3733
5579
1685
2017
2757
941
7688
810
8084
9372
2404
8763
1065
3209
5258
4942
9584
747
9333
9356
8298
6374
3807
2557
2547
3500
6188
8348
5186
358
6774
4532
8819
7467
5791
1820
2763
6850
1205
5071
1226
2988
9974
1585
7344
6129
9573
6920
8794
443
5241
9293
5348
9323
848
8011
3681
248
819
5195
2243
9735
7950
9095
8612
2809
3723
2601
1465
5070
7781
9674
1685
4601
7622
703
3015
4252
5333
5361
3475
2449
1910
582
7839
9553
7749
2258
7305
9894
4129
9819
9575
5682
7684
1857
7951
6899
7897
8797
2018
5136
7455
1527
6951
9621
8142
7136
1681
3371
3919
522
5857
4949
5827
9841
9152
6463
1724
7088
6038
7694
6042
1688
2743
9170
248
1913
5773
3190
3487
9088
7783
6559
8638
1086
6624
7448
7257
5186
8071
9951
366
9250
6306
36
5203
8298
7805
8272
9735
5842
5561
9149
5371
8241
7866
7910
8145
4324
14
152
371
9869
4000
7208
5771
3959
6007
3452
4697
6013
1250
4947
5331
6652
9924
8208
6252
3609
7848
8237
1207
4754
6692
6341
36
5710
6830
1769
9682
3729
8151
7666
2494
6922
1416
9362
5777
6048
3745
926
1618
3550
6706
163
7256
1048
1868
1790
7030
4637
5203
2034
2237
8505
5572
7759
2867
9726
6102
1960
8134
9765
6727
576
2952
3816
335
8492
3605
9620
4214
4808
9244
8014
5954
8294
1381
994
3739
9177
3606
1898
5346
5054
8810
8419
9755
3606
6107
9552
6766
3453
8009
8054
2677
7485
8636
6580
7643
3545
2555
2007
866
5704
2472
1562
6619
3443
4465
9480
3776
9172
3132
6315
8310
7551
9873
3757
729
3569
8415
4951
8520
9202
9361
4218
2086
138
2951
5395
5769
6100
6754
1949
8561
3562
2462
794
2909
2620
8136
6510
4777
3866
3046
7787
6646
155
6915
7930
3347
9753
1274
3682
5525
2092
8469
5064
5334
9925
3269
5702
2527
1675
1461
8495
8705
4071
5524
8747
1784
8535
716
1951
2181
9004
5543
4825
6729
6777
4687
4125
2237
1581
8478
658
1783
2675
8378
8877
225
911
1875
3907
2068
2815
1515
2066
1710
8341
8174
9043
9705
5831
9566
3848
4688
3985
3249
340
9476
6049
1686
8289
6853
9078
7883
5184
4889
7110
6949
1289
8256
4032
6536
6976
5757
4689
3597
759
6619
6068
9966
5197
3402
1649
2702
7309
9737
1750
235
1986
1075
3699
5931
5027
4021
1824
6864
266
8268
8846
2116
6413
8161
4110
6968
8439
4065
8942
6499
8118
7816
7155
7845
7159
1315
8517
5695
5739
2499
7538
997
7640
8392
1339
1664
5788
3823
8731
6750
3461
9022
4414
398
1585
2650
8199
4278
6783
8641
8714
582
6358
6565
5101
909
6230
4783
8486
4541
9583
6033
3046
5097
6561
2051
8860
6780
6500
6088
5013
4477
8386
8119
9227
9867
7985
729
7851
7591
9939
3777
9194
5799
7291
6331
7926
1235
543
3280
413
6454
6907
646
106
7467
5569
1467
7461
5928
6752
5211
9787
2181
7388
5726
7856
2890
5708
181
4476
1294
6214
3747
7575
3159
2722
4160
8218
2272
1345
5276
4251
282
3082
7416
1108
6668
8993
3948
9135
1750
8784
744
7286
1000
7711
7424
1415
1157
3345
4866
4880
9470
5963
9803
8309
5989
6188
7792
870
8191
3785
5847
7035
4410
7858
922
9528
9364
7618
3666
6713
4616
2629
1711
3377
1356
6508
2653
274
7859
3616
2303
5320
6208
140
8550
4026
7471
1249
3069
8174
3874
640
8513
143
1229
1139
1575
1850
7551
1507
1480
7946
5476
5753
3398
2428
496
9736
351
7995
4037
6067
6216
5412
1999
2625
3591
16
7606
1902
6511
8734
7308
5710
423
5686
965
3216
6887
4991
1037
6095
3290
3625
3086
3782
7055
3863
6620
6332
2183
7462
8211
8917
4730
4414
7918
4114
600
3942
8490
2331
9543
5149
2713
1889
9521
5284
8557
8487
778
972
8377
931
8863
7646
5038
1290
1992
5978
4170
5283
9564
2876
8558
994
3174
1770
3270
3598
9117
2377
5363
8344
1667
4974
7147
3820
6072
992
2076
9429
3588
1154
596
9650
4594
3644
1371
1920
226
3325
5509
8398
8570
1388
7623
6003
3938
1324
975
2516
9758
2428
1981
1365
1265
6255
1016
8057
7056
2908
3124
893
1040
1606
9284
546
4929
750
808
1613
5667
3489
906
8057
1953
5160
8073
8346
6312
4638
6869
109
217
2428
2484
3693
3628
7523
9142
5405
492
2253
1904
2524
7533
1024
8594
2912
3531
5820
5492
1850
4155
1275
270
4155
3591
7162
3756
761
6856
7840
2311
3099
8787
2920
679
7221
9953
2639
5735
2044
9018
2341
4728
4369
740
7129
4913
8901
3731
6657
2169
1481
6796
9457
7664
5578
9582
678
5973
9348
582
1742
936
5420
8088
4397
9942
8568
9908
2198
6328
7260
4476
5838
1865
6127
3182
2519
1760
7043
5391
1016
3617
9
4281
8171
5504
9234
9086
7752
5610
1958
8538
8102
7935
6926
8459
9783
8213
2260
1945
3253
9597
9146
8395
547
4537
8375
2793
4714
6149
5748
5094
2621
9514
5587
8848
9348
6400
4636
6423
6304
6000
2061
4844
9419
1015
3067
6656
8143
3206
5787
3534
7809
9073
7357
2937
5120
8935
9069
7723
1360
8240
4003
991
1877
7897
9426
938
9496
60
2066
3740
581
1637
3526
3101
292
5474
4995
4612
4400
1120
7526
8217
5977
2361
4700
9036
5573
967
4842
3428
4566
5178
5203
2849
790
4354
2429
1633
5154
8295
4328
7257
63
2484
1740
2048
8362
7553
9768
2352
5362
9692
1438
3096
4134
5407
6296
7227
4452
1505
1452
2070
7175
4819
5365
387
9222
4753
8414
5787
1330
2361
6183
2837
9144
7938
8279
6296
850
7756
7907
7914
1262
8637
9702
3995
8668
4857
6072
1274
8347
6058
5612
4009
9117
6090
7395
4547
9291
1618
595
76
3343
1348
6480
5296
9220
7625
4116
7937
4373
3151
4828
4696
3493
2544
7959
6612
3040
5157
503
2167
4532
6151
1621
4205
7107
6413
7927
7933
4035
3241
325
1230
9514
3414
8477
6084
7255
6875
2044
3485
6469
5731
9470
7272
9334
8610
3850
9227
796
6489
7988
7327
2196
2663
2236
1727
4386
9381
2429
577
7082
2652
7527
4619
7464
7493
1932
9296
9275
1869
1591
8768
8674
9132
5966
9610
9010
2377
8721
6330
9977
4415
6640
5746
6047
208
5765
2734
482
5991
772
686
9623
124
263
2474
5268
3159
158
9076
3470
3355
182
515
9079
4370
2976
8916
1130
4439
2197
8192
3579
7099
3122
3735
2923
2602
8275
3505
4961
1725
6046
6818
3729
1917
6281
9192
8178
6224
2447
5919
9608
5005
8871
6178
8603
9890
4433
3529
2158
4716
6404
3816
4223
4660
2383
586
9257
6998
7129
3556
2259
6601
7613
9935
3982
6742
358
1777
1308
9350
5926
3671
441
1853
4106
305
4154
5937
4535
5555
1698
1269
7162
9828
4301
2597
1689
6396
2927
841
9684
2215
586
238
2037
8805
2219
3144
6501
9183
55
7616
2333
1043
3522
3167
7758
8645
7833
8627
165
6965
9845
1878
9196
3000
591
9716
8227
2107
8735
1612
7754
7042
8203
8868
163
9353
3811
8017
6786
1389
6649
1367
8879
3155
3316
2111
2249
6462
3519
2585
1980
9411
5804
7249
2214
6213
924
408
2585
3465
8584
1583
9714
1857
721
2440
874
5717
5143
5815
4174
3319
8479
3340
7638
8111
270
1202
4423
249
1786
1187
9919
7374
519
4140
8086
4360
4893
7558
9231
9132
150
2839
2720
7068
3176
8491
5301
4874
5663
4281
1581
1912
9586
7288
4936
7592
5538
5808
4199
7040
1754
4232
4511
6631
2899
5324
2562
2996
7410
8815
6883
241
4873
5882
2506
1096
1900
1816
8692
1412
2805
7226
3190
6281
8907
5222
8333
2541
3949
1081
3910
5420
2063
850
1597
1078
4540
5216
8843
4847
5724
8665
4456
106
9716
1077
5194
637
2194
8936
3195
7554
2269
2442
6898
3878
5717
6449
6537
6468
1505
2401
5699
3121
7654
9821
3017
339
2687
7644
1665
3626
7838
8251
8681
6208
7055
2570
247
845
4511
2007
4098
4295
7390
5546
2409
4523
6995
9023
8281
8975
6620
8627
8531
2976
131
5695
645
9052
3991
6992
420
399
2786
1504
9904
7470
6779
8241
2663
7910
6787
8129
3499
5499
170
1124
7676
4880
3386
523
592
5827
1596
1175
8859
5357
2768
6842
8023
7398
7687
6749
6736
5134
6820
693
9353
134
1744
9916
1173
1323
3946
2442
601
7347
7188
849
1352
8905
5359
1364
2163
4510
9584
5615
5032
4782
7034
609
4461
326
4930
2020
5375
6027
7359
3124
6114
7683
6008
1588
5793
3586
6686
9431
2031
3149
5323
8676
3861
6010
4019
4746
9426
6906
3059
4998
3549
13
723
6488
1173
6105
6093
8518
2593
1211
9965
8606
4171
9200
2896
9538
6222
339
3232
4174
7745
5800
4220
2300
3138
6443
6058
5875
4302
1261
3236
2136
6366
5917
5284
8340
6563
122
8805
9251
1928
107
542
2076
5039
268
298
8900
840
9649
2872
2337
4687
5816
3443
2713
5881
775
6131
5309
3811
1928
3979
7728
4485
8001
152
1103
5255
5630
1225
5962
230
624
7808
610
6742
4244
8507
9279
5096
8642
2879
8296
3511
7495
8391
7272
2535
880
6761
4903
5729
4040
600
5614
1228
7503
6571
2249
6586
3129
8910
7539
9539
3392
7714
9510
5253
7082
1587
5025
9156
636
7390
4983
5684
7375
495
2652
9312
7639
8443
2032
500
8097
1418
1648
2139
1164
2740
7827
3263
6398
2065
6739
5861
9748
8289
5185
5730
1253
9164
13
3274
9423
6659
9058
7528
2839
8445
4001
4332
9120
7862
7476
5921
5324
8766
9041
3016
4931
440
5150
3099
6402
7696
5872
7275
9407
7446
5816
3997
8287
1
266
7589
8120
303
7121
3668
5984
9716
2792
625
2362
9370
4964
1519
6521
7328
9205
3193
2793
5323
5491
8815
6512
8258
2577
2108
2795
9578
6775
3157
4423
2104
804
6426
6916
2409
8795
4075
2431
7476
2240
342
4597
1569
6652
1696
1588
620
6707
7950
5935
4759
7132
2417
7958
6512
3126
1957
3874
8527
5027
6426
6829
6685
269
1093
2880
2852
3266
2472
8795
5178
1924
1794
1824
246
3025
6792
9271
9951
9032
3085
3469
298
5776
6812
5551
5053
1486
7103
2136
4685
3788
5812
8376
9492
7211
2227
6411
9053
3404
2642
3023
8034
5062
6883
4610
1349
167
1327
8210
6884
728
6247
9852
3396
7170
9170
5407
4721
936
8689
1809
9495
9436
2466
4678
8300
6958
9933
4426
6744
4097
8671
7881
9400
7058
8609
2017
8430
1339
780
5899
8012
2092
5904
2219
3203
6837
4101
9844
9076
8359
2069
6347
8266
7480
7755
88
9566
9373
8945
1229
1000
3050
9116
1106
1757
7826
5875
8589
1119
1578
3073
7997
5579
7633
4060
8195
3304
6587
170
2826
8373
7539
7318
6824
1972
7744
1982
765
2695
367
3269
1823
5917
4218
2968
3392
5703
8228
9225
5765
2464
4812
9869
2442
9547
5032
6012
2272
6180
6644
4495
5561
2682
8189
8239
6018
902
6469
8452
1351
2438
6468
693
9340
6828
3957
3096
6348
4656
6206
9876
2500
7053
3541
9658
6451
8941
6068
5085
6522
5513
4111
7488
4510
653
6993
2109
1109
8144
3522
839
6347
9430
1401
1059
5395
5844
3423
5965
9434
1488
5709
4296
9288
8105
8035
5515
6461
4999
1986
9880
6791
700
6436
499
6613
8879
8544
8371
5203
1092
2462
576
9361
6056
7295
7929
8450
8411
1800
6824
792
610
3282
6910
5066
3250
6429
8883
6407
464
9860
257
3505
7626
1713
3218
6487
2215
6186
3246
2477
465
9111
7914
5408
9855
213
571
9481
5791
9298
7538
3059
7825
3417
9157
9019
7455
6348
5276
148
4795
220
4990
2910
7028
3690
780
6145
832
1384
2157
7482
5887
8874
5882
8575
6707
3998
1203
9778
508
8123
1679
3878
9433
3277
6958
6416
2365
7007
5992
3341
1495
2121
3426
7352
425
5316
1953
8937
9731
4595
2314
534
7902
7031
441
3725
7377
4174
535
2880
1520
72
7290
7115
9329
5125
624
5388
8780
8211
1799
4848
7174
9626
1923
4108
7901
9467
5296
3525
3265
8667
5149
5918
2468
5955
7516
9354
9721
1097
4051
1328
8854
3261
2754
7932
4337
1631
1428
6683
2795
5309
7442
1207
5830
4308
4231
1028
9330
511
2590
5512
2996
4475
2975
4110
4735
7718
3439
5265
6608
4249
5452
5976
204
5831
1080
8017
7689
3611
6364
8868
4033
3420
2720
6057
3129
6568
4365
6041
600
8569
2967
8295
5899
9286
2432
6324
301
6777
72
86
2124
6791
8533
6850
6308
2305
9349
7673
7132
4480
2458
5928
4354
1206
2138
8291
4647
7811
6179
2986
1300
7642
5811
3992
8345
5719
4492
6533
4627
1531
8291
73
7116
1440
2126
6584
8476
9112
1212
4901
7317
6608
4924
6807
423
3867
8106
8380
1645
3742
919
1628
7199
1400
9313
5763
3628
8118
9583
860
5767
2585
8718
5958
712
5519
8598
2235
4389
2117
9744
6032
530
7520
9895
7050
6214
3991
1801
3896
9635
2159
2868
8005
7366
5870
7948
9829
3132
2157
5063
2548
3179
6326
9235
8705
1587
2911
5292
105
6880
1152
3748
9418
6930
8704
5160
6017
1895
1828
7598
6451
1973
5683
7254
6356
9025
437
3516
8125
6786
5659
9216
2689
6430
2838
7426
2388
9296
4503
6345
5106
8051
4008
8984
8712
9588
5970
2233
6305
3886
6536
9143
1880
4131
7749
4013
3394
889
7488
7973
5368
809
1389
7638
5565
820
6818
4917
9037
2094
885
7774
2072
2263
6061
6312
2712
6895
8269
8005
564
8688
3961
2836
5068
3262
6420
8128
5789
8360
5125
3967
7279
3833
3928
6772
9003
7195
9058
3445
1694
1301
194
4804
878
9032
936
5652
8527
4039
2295
4848
6493
4205
5839
9312
2296
1793
6187
2322
5120
4848
2416
1738
2780
5238
4809
3310
2481
211
6327
8420
7848
2618
6031
838
2282
8859
2936
357
1423
4245
632
9837
7701
5512
944
2834
7859
490
2850
7851
4167
1863
7471
6415
2134
2620
9417
7831
2546
9035
9404
1577
1600
572
4902
8029
7969
3279
8795
5124
1026
555
1135
6541
3144
5667
9907
3766
3828
9289
9946
9548
7538
8726
5369
3979
8681
8128
2910
1610
8951
8159
2431
1206
4696
6637
4098
8944
1579
17
3247
4636
1078
7745
6343
8545
1937
5305
6616
685
3702
2243
6844
3347
3227
8518
121
1689
8492
6118
9135
3692
8601
2141
3689
6841
3594
1996
8443
1853
5601
2636
5356
7184
906
6275
9881
7744
6619
105
5875
3925
8015
698
1349
8262
5430
952
6407
3031
2325
5380
2026
3004
4136
2863
546
7240
3408
9031
1239
8818
3433
2036
1114
9205
1299
7997
3056
1827
9734
3482
4896
5126
2623
2155
7717
1880
6194
9029
2854
407
8921
5326
4083
703
5910
350
8959
2877
8383
5948
8771
1480
7979
3306
5090
2697
747
5791
113
6404
1534
3305
972
9076
2282
4295
9228
6873
3205
3787
1261
9616
4142
7463
9641
1525
8462
2077
5079
293
1901
131
8700
8235
1654
1075
4257
7413
8117
2632
2871
6405
3964
3501
2456
7120
9733
5624
7751
2642
7641
9602
5042
1788
8733
3758
376
6824
1583
4208
9438
8923
6715
4908
238
6460
2993
3508
8141
3670
6266
1400
129
319
257
4704
2714
9445
3233
5916
5734
766
1592
6499
9308
9151
6651
7823
7864
2576
5145
634
509
864
1314
4158
2244
3332
2067
4049
5843
1966
2265
5309
2310
2345
552
4482
4781
5478
5090
5072
8322
6570
5397
5159
5567
9184
8533
8703
9736
3745
4012
1564
5220
6992
8590
1182
9495
5518
1254
9894
9375
6559
7615
6372
9242
6739
4234
8498
5233
531
2358
2659
4562
7725
9659
8409
145
7263
4895
590
8035
6678
2786
1348
1234
1871
84
6580
8871
9859
4247
479
278
7426
6758
4777
8552
5917
4109
1211
3280
5604
7721
560
7342
9957
9153
3846
7057
9612
8097
9040
4805
3360
3055
1065
3252
6064
223
3805
4617
904
236
3501
7168
6821
3220
669
9111
6860
8750
5919
9914
299
9564
5109
5998
9056
4202
2915
6626
5708
1248
3230
3329
102
6174
6077
8109
453
5458
797
8637
8414
1674
8727
7222
5983
7718
4334
8692
4075
8117
4950
6381
7308
5545
6773
1227
3401
9112
7001
2285
8654
2469
5441
25
2277
3528
5027
2770
7948
9654
7786
9894
2137
4185
6355
4872
2829
7471
4759
4001
4717
8028
9576
3405
7251
9744
2699
9491
1666
3660
7626
402
2639
8268
5203
2035
7047
8648
5112
864
7973
7823
4650
2953
671
7438
4636
868
8960
6121
8607
4105
140
4566
1201
1436
779
8500
7397
715
8216
6934
4910
8687
9022
8849
7825
701
4643
8303
3
9591
9853
2019
535
7377
711
8257
3023
9009
7226
1787
6345
1568
4917
8092
2503
1688
3880
8665
3079
681
5882
954
8049
2419
9860
718
1231
6143
5022
7914
1356
9922
1104
1652
8341
1804
2467
268
9546
6371
1516
5230
1621
1937
4741
190
4660
1082
1589
5690
1833
8488
6000
9173
1817
7194
9030
7025
5354
7123
6523
700
9658
6298
7191
5079
2507
2726
7165
8284
3854
8418
6382
932
5186
8155
697
8842
6048
464
9919
1270
6360
3758
8267
7689
8182
7372
3361
2342
2742
2
6638
4946
1597
4491
2063
3446
2373
8680
6220
379
4796
43
5615
8025
8585
8541
6780
6360
9254
5275
2650
8200
298
6614
7765
1783
3770
4280
3248
1379
6371
6095
3605
730
7455
8464
702
5525
5024
6380
4194
2731
434
8627
6207
8351
8478
7612
5296
2251
2411
1319
2852
4774
5160
9963
951
1708
5511
4983
4018
4656
3184
6057
3074
5656
4329
4256
6225
1577
6970
108
9855
5144
9658
9884
6941
8425
4041
1381
2506
2813
484
3381
7786
8548
9399
3441
1891
2544
3980
4801
5102
4369
4907
1457
4492
2628
7453
3053
7241
4301
7733
618
1800
7398
1256
69
6250
3116
5992
4831
8767
869
275
8476
3974
5796
5930
9551
8766
7548
2924
6512
2549
6202
8092
7105
3394
9480
4000
5925
8145
8455
1403
3550
3852
7375
2664
466
4622
289
336
7803
4650
3628
1330
9125
2930
4396
8604
9931
3516
2412
6515
9332
5021
8010
717
4075
4978
4226
4595
8532
170
2846
278
2945
9168
9105
5099
395
6745
8771
6094
1585
2376
5411
5851
9749
5243
5664
5792
6545
4712
6804
1964
8048
3269
1884
4115
2819
7395
2314
7142
9713
6847
8930
2844
6968
9547
8583
9374
3485
2055
771
1472
3083
965
6193
4475
2118
7638
364
7273
6334
8668
8735
5435
8276
6884
8020
1590
1580
8650
9717
750
2789
3142
9140
480
4672
4646
5154
6592
9003
3934
451
608
8837
1845
2640
2393
8248
1901
427
4752
6840
5034
5353
5293
3987
3276
2413
4542
1804
5554
1838
7124
1684
3045
6480
6767
9729
5853
9010
7219
391
2920
16
9158
849
4700
7615
1594
1905
3678
5662
6814
7078
4389
1311
9355
3859
9424
6251
2810
7116
5003
6237
4149
8556
4918
9411
2306
1037
2293
4207
7398
5349
4008
800
4338
3541
8472
5583
9700
1435
7813
5874
682
9800
708
4090
3185
936
8416
7330
1719
1431
5857
5795
7699
8713
3295
4915
2015
7759
7913
9614
8138
6646
3769
532
4695
5851
6342
8173
5411
391
7256
7234
2827
300
8593
674
4466
1300
3154
4820
1595
1343
7485
6762
4533
9387
3964
818
7052
7528
1140
5772
6961
2998
4561
6298
4798
2488
6731
5571
2218
9861
3651
4599
2242
6567
5848
8628
9254
4342
3294
8427
2747
3669
9377
8985
4492
7566
707
1393
6344
9862
6220
2954
9024
58
5442
7771
102
3340
5505
9424
713
4333
1381
5517
5017
7991
103
812
2632
4861
2601
6377
6385
8631
2171
6542
8285
4368
3190
6969
8990
4995
7212
5791
8469
5062
3129
3482
6909
5846
9458
5045
9167
5075
5511
1107
7260
4226
1707
6419
2296
3070
4274
4200
157
244
9153
4648
512
4731
343
1774
2982
6198
2890
1049
3016
414
9181
550
682
8350
2300
9544
5097
2135
8925
1248
3329
3904
9338
2420
7189
262
135
4580
5132
6070
3469
5562
9178
2719
7729
5349
5936
1917
8778
9393
6544
1658
145
9719
5122
9421
7543
9227
9277
9419
2912
2092
5050
7541
4066
7694
8580
8880
130
8534
3175
4002
3710
5196
7744
8586
19
4557
8714
167
2806
6268
1913
6691
7460
2683
9613
4989
2464
5994
3985
6814
2827
7652
4982
2524
5974
4724
1880
7918
9161
9859
6825
4925
8403
1620
6870
8005
2707
8191
6958
9854
6251
5019
2184
1051
3717
3227
1819
5286
2504
810
4012
172
8856
7649
8863
4454
1264
3151
2422
3690
2311
8796
5718
8601
7178
6786
9545
7888
8867
109
8026
7337
9560
3699
9601
632
3462
9929
5793
4764
3136
1877
1749
1079
6411
5987
7669
8955
240
9420
8485
2732
2186
9740
6609
7509
8191
7350
6062
5327
1039
2378
3382
8010
1935
3802
2838
756
5864
8943
3627
377
9673
2413
2535
41
2737
308
182
3236
1290
4860
8128
8492
4789
5759
9197
588
4190
2823
6672
3523
3811
3073
475
445
3111
1257
1659
6203
7053
4257
7124
1908
7674
1101
7114
2820
7566
7508
4880
1547
8763
8753
5741
539
5776
3328
5697
106
1398
6406
7698
6210
9938
6740
2396
3623
1642
4664
9981
5804
9874
7586
7261
9065
2928
427
3347
1843
5988
8546
2686
1267
3059
2351
7733
5586
3398
5484
9993
6091
4589
2318
6683
4963
1960
6256
4317
4618
8620
3931
1658
4602
5451
5708
835
8568
571
7276
1852
3572
129
1300
6540
2408
7957
7861
3859
3214
7515
5683
7563
8151
5729
7406
2655
1393
7628
5249
9107
1729
3284
8353
2359
3761
222
7697
2329
9727
2091
8838
8024
2899
6591
9981
926
6456
6033
1181
8064
9858
335
7133
4210
73
3952
3934
5606
9067
397
9411
2426
4043
3241
5277
6484
2198
7449
559
4103
415
4350
4510
9257
9614
9243
8473
9199
1608
765
2723
9307
4901
6880
5265
3732
2060
2854
6257
822
2571
1022
8928
7923
7786
10
9671
5698
1985
598
44
1735
5128
1066
6970
5596
8068
4210
9690
801
334
7901
5203
6315
9605
5981
2311
7278
6077
6165
2112
7605
5030
507
2106
2728
5637
9104
1635
2112
3004
901
7039
1098
516
9719
4875
1791
8108
3434
909
5276
2778
5410
5326
7373
754
4298
4857
6983
3535
6338
3772
3953
4860
6549
5929
2039
5576
6238
4058
3594
2571
7546
3640
5616
3124
4971
9379
8651
1971
1139
2014
8470
6269
3612
159
4465
5489
1161
4300
3427
1626
2202
8805
2282
3913
8981
7321
3734
7964
6547
8264
6966
3379
8048
594
5239
1012
4879
2144
6419
7418
7399
7660
1195
2844
4807
2468
662
8659
9879
879
820
5684
8642
3300
8715
3774
3599
4682
2794
2619
6839
7299
8299
8795
2304
7745
2371
901
8289
6117
7454
1959
7676
1263
5940
5054
6701
6280
7951
9764
7557
8772
1206
4647
6840
4812
3661
5634
4702
6196
2743
8519
1047
1536
8818
1691
7732
7717
443
7813
9125
4921
7526
1552
4148
2798
3208
3255
6498
704
2149
5188
127
7349
9536
7181
469
7865
7894
2711
7103
2260
3104
1601
3519
2193
8209
7000
6553
7091
8154
8448
4081
3140
2108
3021
6264
4700
9353
7407
2300
2024
9401
2067
7695
686
9210
4400
7309
6928
945
3511
6261
5121
8692
9439
767
5114
1554
6918
3481
4139
2277
2152
7793
9288
3089
4401
5526
2965
7390
9429
1906
1611
1
3840
4413
3559
7111
6522
5293
3744
6261
6372
958
6832
2963
4703
8050
9375
8220
2933
2893
2806
2790
9859
7237
4229
7750
3695
5656
2334
327
4632
5307
4215
5503
3828
6277
2418
8617
7061
5025
2106
6766
6688
9071
6143
7953
9953
3794
8706
4860
8408
4832
7925
6064
8355
3586
807
7148
3078
9986
8531
702
6798
920
7740
6440
807
8050
2614
7244
1932
2753
6243
1355
2742
753
9430
2340
6916
7698
5313
3540
7971
470
547
6550
6476
7131
3328
6386
3442
1719
9622
6488
3831
1594
4232
6232
958
3006
5426
1922
5980
3692
2275
8909
9792
2013
1056
7469
8573
6656
2225
7783
3479
3359
1837
1057
6002
8630
9535
2426
176
1812
3854
5626
8855
145
1849
2895
1755
8323
6803
8289
7014
5062
416
9186
4303
9114
6714
1333
394
4364
2453
365
167
905
4172
4990
9289
9515
1742
5891
9280
2352
2884
3764
5764
6826
669
5365
6266
4691
4294
2443
2582
733
822
2032
5755
6737
2762
3444
4930
4421
8737
8598
5782
3766
7744
5406
3036
2269
4357
5718
3211
8741
4830
7586
6391
3334
899
7509
238
7063
8730
703
3913
5974
7526
4689
4520
9426
8202
2618
1239
3261
4546
5781
9673
6143
3963
2480
161
8896
610
4249
8026
6308
4427
8327
7759
4279
6400
5257
7576
5919
696
5731
6272
1740
5201
3191
5605
9890
4244
3896
7797
2937
7641
5155
3096
6705
1125
2133
7612
798
6545
5937
3979
325
2474
9718
8439
1840
5588
6842
8003
8679
6516
9412
8105
3436
5567
6689
7986
3316
6731
7118
5774
853
7779
7245
8070
4629
5900
2067
9044
6828
8652
4097
6359
1623
4369
1123
8670
5049
9028
5163
6879
148
2607
6739
2049
4374
7214
175
4092
2859
6626
5210
1726
4613
9534
3617
6336
3751
3490
6296
9779
1702
1382
7815
5399
1740
7910
1230
9094
4105
3547
7145
2849
4604
5005
7383
4001
1549
9245
3242
1659
1890
3479
6999
6113
819
9199
984
9193
7990
1005
9682
4594
4628
3973
9803
9647
5955
3007
605
49
2658
436
1080
9338
5073
7253
8511
6100
6444
3916
4082
629
5316
5790
8307
2375
1827
2768
6345
8881
8661
2339
5835
3496
3779
8329
3254
2897
7893
1413
5024
7493
6426
3873
9074
9138
3152
9090
4757
2410
7731
6351
228
2469
4627
4541
9019
1164
9322
7680
7119
9255
474
8669
9201
1541
2799
1834
3616
6468
2882
8640
8945
8731
4796
257
3953
7798
8012
6121
2707
1845
5191
6390
3930
7574
1863
6216
8609
6273
8286
1334
60
2753
1501
2267
4136
8733
3967
338
5820
4630
7681
10
6777
346
5675
2527
5608
674
8984
9954
407
1351
6398
4702
2346
2686
585
1271
3823
1841
5664
8613
5150
9967
8087
4538
4254
3233
2665
1129
1957
9750
8834
6561
780
4507
1796
2241
6688
1807
9558
2025
5896
6712
9410
406
6237
4465
3875
4315
4986
3999
4135
2383
3887
4475
5329
8175
2670
1504
464
1705
5933
8070
2350
9943
9378
6173
6458
5188
3856
4333
2915
2416
7206
6321
6909
8204
770
6307
436
669
8491
2222
1071
2830
6877
6921
6023
6726
8805
3737
4890
4506
7016
9232
7206
8752
8596
2051
7095
7404
9060
8815
7468
744
5480
237
7327
5771
8674
3271
3146
6853
2765
3066
3046
301
1866
5657
3431
1258
1121
7950
7779
8447
7772
747
4379
8182
3785
1987
3088
6181
8245
7620
7365
825
1527
1056
4362
207
1291
8482
89
2023
3481
7621
4303
3403
239
6443
4758
8320
4458
3616
167
4674
168
2063
3796
2185
8842
6859
7340
2178
3198
4131
997
1567
3505
3851
8431
1227
2985
8645
992
3143
7688
3518
2559
1812
3290
2333
5902
9663
3625
7668
2940
5652
4354
3305
8515
3692
695
3275
5032
5000
3734
5068
2819
1343
6395
6617
1148
3984
8692
99
2293
6095
2122
2239
8511
4152
7270
4725
5619
7812
8908
1654
7284
9408
9249
9331
3904
3435
7983
519
4038
2567
5061
2165
5914
4981
8799
4746
1947
9993
7661
1842
4531
7979
1633
4227
2125
8181
5626
1624
4557
1023
3624
2989
6540
7681
7765
7194
7346
7367
6015
3397
8921
2835
1993
8331
9972
2256
8990
3781
2714
3192
5085
4800
8682
85
3499
5930
432
7906
2917
7939
1963
4764
9986
9904
9127
4979
6104
3876
8055
1247
6190
7026
7159
5481
193
5510
8715
685
5758
5709
1395
8760
4825
8019
2217
8128
329
2220
763
1130
8140
5881
6243
4434
8339
8654
4256
3156
5275
2320
3208
7023
3123
3283
4907
7421
9564
8211
4873
9579
117
5281
3729
6986
3312
1794
793
8347
506
6381
3024
3616
2074
4752
4769
182
1388
5229
7870
3147
3574
6768
6366
5613
9098
6777
1187
7561
805
5793
8940
60
1167
8304
4781
2485
591
7158
429
5924
2460
4996
7440
1005
5373
5883
1548
8757
8467
7649
6152
5549
5689
7292
5890
829
5213
4785
2719
3987
9254
8038
4720
6000
7340
2052
4116
659
516
1545
291
1100
7372
5979
9151
5577
2446
2757
4940
2595
9019
8574
3560
5112
2130
2321
3743
3219
5808
5451
103
8207
4970
5951
5099
7354
4953
9137
3158
567
7714
1002
7916
2861
5662
6008
7203
2791
8067
9303
847
3144
9325
1340
3500
4643
1592
4034
8148
5236
621
1652
7410
8205
808
7294
1361
4674
6492
9957
1825
8515
2741
8743
7881
5719
9438
9826
4890
847
7039
9146
1127
910
8550
1693
5926
1948
2168
7751
8950
6153
3839
6315
8060
7101
767
3275
8184
7968
9464
4297
3018
8441
2814
8484
6980
6647
790
8348
502
7143
9203
4733
2959
3955
8221
5169
5524
1275
561
7035
7367
9365
7845
8447
2574
4615
610
2180
8912
1987
3561
3317
8757
3124
3819
3459
886
1461
2664
1957
7529
2962
3579
736
6336
3135
3167
9527
1274
5987
7764
8678
3315
1238
1257
9221
7529
2117
2817
844
9358
215
2480
1901
9256
5784
7588
6561
170
9346
3200
938
5518
1997
428
9772
1736
8890
5666
6971
4904
1332
4067
2855
4788
4227
1455
6169
176
8925
4941
784
4688
2108
7997
154
6123
8875
6575
7239
5847
3757
2889
7101
7044
8085
6558
5209
9739
8284
6448
5161
6133
5481
6770
5925
1598
795
6412
5141
1187
7092
6774
6503
4789
4611
211
9877
2540
2883
1876
9678
1880
4457
8940
3306
163
1972
1383
3572
4423
1792
5971
8460
8418
4155
5521
8578
2191
1667
9720
1246
6096
4398
6171
7847
1100
452
8125
5328
5359
5109
1810
598
2525
5078
7517
7583
9511
2297
1180
1125
4412
9687
139
3181
3910
2005
2997
2597
6433
4922
5987
4434
3827
3552
8065
3543
6232
2556
174
5611
1624
9565
4470
9492
2114
999
8713
3803
9501
8503
5289
6190
7755
4068
200
4890
6624
1184
2656
7286
8492
6773
2084
6888
9903
5819
570
263
7904
1873
2910
9156
4149
2699
7145
6083
1700
8850
8999
8427
196
7000
6388
308
4270
8746
7547
3680
3056
4923
8922
887
4380
317
4679
3797
5594
6031
4732
9565
5681
6757
7477
1643
7429
8821
5980
746
6064
245
6191
6203
8021
1192
7542
2970
1458
6724
3948
9768
3246
5921
8870
3699
1961
136
84
207
9989
7679
4782
4324
561
2805
8354
3971
2749
4729
7748
1857
8787
6161
8261
9016
2526
5932
3722
1557
8475
4609
2512
554
1046
8276
8203
709
7314
1870
4770
8933
3036
4948
3009
4088
451
7588
7589
6298
4954
4291
1755
8051
6309
9580
8048
6501
3608
5752
8941
1968
2968
9665
4971
5068
4697
1352
9208
782
207
8699
6434
4609
2978
3009
6693
7965
7006
4580
9005
5447
9877
3788
954
9482
9489
7257
4720
5616
4304
7030
447
2435
8345
1626
3191
2950
6707
5201
9362
2392
8527
7343
7879
7134
2417
1
7734
6439
3270
7001
1210
5300
1454
9131
4373
6985
4894
3581
8567
2670
8263
244
8943
3705
7205
9651
4942
3326
6842
7231
6553
4723
8427
1946
99
8386
2703
9765
7478
7982
2213
72
4800
6154
7113
1731
8068
4234
5525
1211
391
6244
9392
4475
8197
7835
5517
1866
1756
4253
6383
8004
4361
800
638
3624
1544
6927
5217
9430
8621
1846
3714
2280
2353
8648
2394
3049
7925
4295
469
8321
7739
6203
2868
413
3833
2535
5251
551
5956
4330
9832
7927
5428
9416
8080
6329
7837
2507
380
7205
7224
6360
7054
1870
7139
9607
7509
7614
2124
8725
3384
8184
2938
3667
2602
6109
6787
2706
2671
7149
350
1270
644
578
8994
744
698
7028
1055
1059
8456
3351
5825
9232
257
3649
6137
1394
3621
6423
5084
4068
7758
1954
8294
7535
6627
6831
1681
544
9456
7981
5650
2730
5451
52
1043
7753
8513
9256
7841
8301
7920
1892
7732
6078
7659
2370
3189
9789
6881
6170
6769
2155
8901
4372
1177
1162
1447
5216
9639
4202
6513
2782
2646
1618
8464
5883
4696
7097
7014
965
5348
7961
3010
4246
7448
1511
6023
5858
7384
3720
1099
1249
380
1289
2449
4547
1683
8189
187
4460
5221
230
5114
5138
7082
6528
3589
2289
3572
8384
8701
2064
8186
6571
5123
2889
2944
5273
5851
4380
4564
4630
2564
429
1697
5110
748
6177
2720
2131
7169
3312
2507
6101
4200
2923
4770
8607
5012
5067
1727
9355
8774
591
481
8676
7438
7264
2593
6527
1789
6555
1463
7187
7402
1604
8212
3808
1788
7954
6803
579
9513
7810
7522
681
4776
5874
8424
7006
8250
745
6944
1142
7779
6904
8512
2195
3103
146
2153
5533
523
3449
7606
6380
8939
2752
1086
2115
7142
1637
7897
6891
1345
4075
787
1939
567
9308
8103
1622
5212
1929
1951
7331
8905
4141
8504
1231
5842
9532
1983
8876
1536
3923
5177
6074
3109
6278
5908
2871
4198
5878
6772
4401
6680
8323
2315
1512
2708
8297
972
7384
1009
3203
4707
4866
7185
4876
1961
3783
4480
4130
4086
3999
4293
5547
6749
7435
4213
2368
9971
1223
6824
4150
8615
2768
5377
4565
4387
9200
3264
3374
3284
2811
1359
6412
3943
5470
207
8508
3864
5286
137
8235
5989
4363
5794
2537
1376
4145
7399
8842
8296
796
9714
1202
8267
4996
2055
3250
6771
9604
5337
6448
8533
2254
2897
4303
7001
8155
9403
5554
4849
6838
7716
623
4603
7078
3611
8104
5858
3368
2402
3881
6233
6715
6589
410
6208
701
6899
563
1471
5294
6199
9044
6616
2885
1850
643
5153
7351
2014
2332
4213
3933
7570
7585
8164
4321
8510
316
9042
7944
6918
3505
6659
3783
6211
9823
320
5092
419
947
1707
4726
5352
8647
4026
6623
4682
6279
8527
7957
7154
9632
5418
4604
8157
7366
9798
9151
624
1705
5640
1375
8667
1096
6648
8852
2283
800
348
5040
7336
49
6663
2777
7346
9334
124
5347
4921
3771
7171
5513
4140
9446
6989
3812
6778
5639
307
7623
7857
7746
2644
4085
1978
797
5911
594
3337
1982
1068
3409
5367
732
99
3799
5664
6143
3090
4754
5890
8143
8381
7395
2881
3805
8671
9213
6309
4920
634
6647
517
7021
3327
6655
1383
988
1500
237
4930
1137
8225
7483
7195
248
7547
3179
2419
8428
6152
7753
6028
6210
6990
2153
9474
1169
3506
5790
9591
9338
1838
8478
1823
1098
1502
7416
4452
7416
4318
9905
9681
3142
5257
9555
6305
1569
9082
3830
2403
1336
7131
5328
7811
507
2803
7660
6535
7736
1177
8677
3110
914
9858
5757
9286
8120
3513
5763
7312
9620
4586
1749
3881
1839
5086
5857
2158
5181
2073
8420
6737
6672
1448
6254
1662
9758
5791
3435
6194
6552
8569
1817
3057
4969
6929
168
9975
7824
5368
7885
1264
8076
1456
7186
6032
5847
7687
1188
6720
2204
5308
3018
3686
1611
6956
5992
2670
992
188
7838
9770
8789
6027
2645
9756
2212
2858
2323
5027
3782
2989
9677
8106
5556
4563
7929
3963
3624
838
2437
9351
1972
2786
2446
1566
3024
6211
5002
1115
6554
8553
5392
8485
5434
4300
2336
8429
5277
1951
9006
2887
1860
9639
1290
9957
6371
6257
4765
7195
8348
5884
7299
5839
921
6370
54
1491
5739
73
7265
5376
1697
5089
4913
8639
6543
9216
2496
2317
7139
6598
5291
4182
1833
457
5352
5015
8179
8026
4120
8327
9242
4947
6899
90
2230
9213
634
2594
5260
841
653
1193
1864
6053
1397
3094
6903
230
9964
807
1868
5403
1553
4716
5248
4459
4140
8795
9216
4714
9894
5395
1182
5562
2624
8072
1649
1825
8088
1355
7222
5786
3667
6825
1998
9617
9896
9950
1570
2215
6540
2334
8029
4950
3194
3391
3331
6029
9168
5382
7324
8965
3059
9047
3577
932
3898
943
4728
8274
2075
6182
3825
5890
7187
1133
6780
6951
8052
7127
2698
6349
4708
3388
4766
2648
4006
7525
7146
9257
540
4614
6141
2657
2002
4399
7671
2901
7421
5062
4143
66
6955
4153
7443
5528
1979
7359
5621
876
400
3651
9324
9444
1109
8924
7244
6856
9101
9988
7329
3043
1902
9401
6585
8473
8331
3887
5558
1307
7270
6473
342
9199
2450
8470
177
9377
8700
8350
9087
6288
3067
35
7369
8363
5847
4690
5560
5778
593
3696
8103
517
1591
7784
7100
8752
5916
9414
6011
7478
8518
7628
1589
9298
5031
3616
7371
8785
4695
3442
5099
7705
1917
4131
8323
9220
9389
9926
4909
8686
5122
4181
5233
4488
1087
9898
2864
3618
2319
2829
7887
2573
7526
6234
6567
382
7692
4155
8007
4511
9801
1154
8805
9230
1898
2948
3154
377
7296
7010
4413
3468
440
3506
6100
757
3242
556
8054
6401
5693
1109
1088
4158
868
9231
1657
1328
3020
9280
5329
6277
1270
7507
2311
7935
2164
1331
7362
1183
3101
9011
5344
2091
7295
706
6201
9601
770
9997
5672
6213
158
3626
1150
7189
4500
1990
2351
4561
7912
3933
2622
2417
429
3016
7399
6343
8473
6372
9216
7453
1934
5870
3309
3873
8069
6525
9286
1307
434
2733
5062
4152
6804
8771
9464
8634
6421
2369
5854
2811
9920
8227
5796
8613
7392
8670
6557
106
9220
8721
7500
6111
8071
502
7863
235
824
2179
9990
4146
7354
7688
6733
8054
6625
8746
4959
4500
6031
5012
4511
3878
3987
2947
655
639
918
6606
6146
9301
76
4151
6595
286
387
9125
5924
5628
6398
9918
3380
1947
7649
9940
3565
6746
7685
9187
9320
8719
600
3192
2998
2908
2908
9950
4695
1472
9380
9419
4459
8982
9769
3046
3031
2243
1948
318
9633
8656
5323
9028
9811
9592
8203
5282
66
3394
3952
8114
7522
3557
1526
9176
6705
6426
1361
6459
3855
3696
1733
2183
9198
704
5157
5268
723
1104
7132
7463
3285
7844
9250
1201
8437
8133
6127
7028
3057
2836
679
4570
9875
8465
2554
1291
6286
6622
1969
7107
9487
8410
6445
9751
1396
4631
9326
2633
3706
4838
4738
3812
498
1986
7586
7358
898
470
469
7232
5023
5458
1281
5812
3721
8565
7443
3605
4182
3593
5104
5662
2261
7970
6404
3042
7550
4441
52
9631
17
9162
920
55
227
5705
1394
3084
9166
6068
4056
841
3226
7411
2351
731
71
8259
7335
825
1890
563
8070
3352
4132
7496
7011
6571
9271
8931
2395
2485
7733
3884
4406
8265
1775
7318
2506
4731
3552
17
1923
6008
8536
7844
2505
2245
8548
2705
4763
3821
1313
883
7823
3560
536
3755
9731
9399
4924
4812
8104
9385
5767
4410
7253
5895
1018
8883
2950
4010
949
3321
2737
943
2159
6553
8330
9948
3650
4068
7323
3696
7909
4361
1385
2203
4427
4972
1749
3388
2121
4878
4866
4682
975
9394
920
4706
2149
9190
1738
7996
3287
490
8747
8683
4965
2441
8059
4131
8222
9573
6782
9458
6371
3038
5156
2127
1194
9825
8088
7674
5259
7890
1171
495
42
8165
7627
7494
9139
792
3053
1760
3902
2957
2186
964
5989
5794
1450
4580
8876
2517
2878
6541
7968
311
4260
950
1126
9470
4394
6002
3412
491
9990
7963
5718
7760
6354
8704
8433
5976
4934
4813
4931
2473
9000
6545
2343
8952
62
2175
9097
7863
3899
6558
3251
8173
4882
4548
2985
5131
2779
6933
6349
1152
8483
658
4906
5775
9328
3391
6721
2474
2321
6020
8346
2170
9658
652
7024
2839
2746
2889
1308
4979
4755
5115
6116
7274
5927
3183
1043
2792
6705
7
8339
8752
1265
8277
2208
4211
981
689
1711
7908
183
2123
6572
1119
1958
9871
5078
5757
2422
8626
7189
172
2321
1836
6179
2303
7687
6198
2006
3432
7089
6079
4653
4533
4252
7357
3501
2608
8803
762
8378
9657
5671
3544
5722
1999
6504
8278
4089
7192
8186
8021
8056
6027
6614
6704
2934
2797
3663
6581
2825
9601
2876
6860
6317
6865
4489
5466
4922
5934
1898
4402
620
2369
6037
4348
9804
2127
6163
3229
7914
8945
5560
3489
3236
2187
892
5814
3067
6611
7717
1286
6133
9807
3320
5646
5058
6510
7032
2926
1482
7881
5025
2287
6726
209
7988
6620
1868
2798
9514
6706
9028
5475
6055
7227
2827
3740
2979
9689
4951
1338
5501
5520
8674
1700
5312
7752
136
6936
5034
854
3497
5583
483
1842
1445
157
355
2087
7347
4894
6307
7578
9519
2860
6356
388
9438
3777
251
8628
1914
6650
9743
7085
2226
6592
8529
1108
5432
6704
3160
545
5431
5497
5810
6940
13
4637
3681
4031
5115
1802
2954
7706
6374
9482
1879
9518
2300
7226
6330
1415
3413
9191
4345
5796
4640
6548
5637
1760
6624
9248
72
6938
2356
612
8793
2752
3619
9321
3935
690
4285
9765
9824
8456
201
5428
7381
1092
913
1595
1351
1353
870
8606
104
1780
5010
9804
6715
3269
458
5773
7710
7202
1695
3522
81
4679
3903
5409
1417
3018
2172
480
8698
368
3242
2954
3121
4246
2303
3851
2499
5399
1927
5852
9723
2375
7876
3212
5296
9148
8726
4300
7397
9303
6598
588
339
2151
5510
9065
1777
4060
2261
6942
8186
9735
8015
1189
9524
2094
4787
6105
2556
6642
5149
6053
4789
7088
3819
6883
8414
8146
585
3191
9130
7613
3157
7143
6353
3256
4521
7304
5824
2876
8000
3193
6424
6508
3437
348
1322
3376
1398
795
7122
7627
4303
2483
8439
8307
9950
45
9983
6938
9897
6338
9667
5017
9527
1183
344
8604
5209
2762
2718
9102
1240
9666
9272
9183
7673
9407
6818
6997
5937
2502
2566
1440
5162
8371
6340
6358
5685
1137
9472
8106
7338
864
4953
3624
1863
636
1316
8601
6957
600
9142
9865
3639
5907
9918
2625
5536
2105
5406
8136
1392
3005
8434
6193
968
691
1862
4901
2554
6096
4220
4324
9573
136
345
7199
9154
8749
8452
3287
6031
9496
7174
4282
9054
8958
9138
2136
6201
3329
1021
9849
2460
7379
2016
5317
515
7785
5677
8821
4495
3826
8993
4705
9213
7709
3098
8498
8630
6582
2744
6335
8333
6710
8263
4735
7715
253
8158
4568
8818
4507
7413
6221
488
202
9612
4991
9131
5936
9157
8466
4715
1471
396
8109
3743
3899
5721
2860
7653
2119
4855
3374
6670
433
4061
6279
1531
919
5445
4683
7108
3721
3942
5523
5595
7968
1677
3993
9896
5481
2895
2786
6446
4653
3568
6951
6022
2615
9351
3209
1347
3702
9469
4917
231
2305
1995
7251
3784
5841
9102
5372
608
5702
8273
9499
9317
6346
5430
8765
5997
2100
7913
3576
4382
7827
2264
1714
2008
945
9965
3966
9521
4874
5505
9359
5763
4510
5601
1943
1900
5574
7964
8947
5570
7594
3345
8213
7718
5366
7891
8212
7212
9205
4301
296
9335
4104
1572
8102
1366
197
205
6239
7099
3414
181
814
4118
1585
1924
3048
9034
4055
8056
6913
7864
6706
3700
8436
9379
5304
8219
892
1524
23
7515
8387
577
5526
2542
9970
8671
998
6676
7062
3901
2788
1173
569
1797
126
749
9886
223
8356
4983
842
8654
1726
1260
9628
7100
2253
5733
5041
6136
8909
2217
5919
4233
2316
7559
9618
378
8205
1874
7009
7292
815
5816
1286
7806
3655
7472
3486
4043
3634
7670
2172
5454
8077
2771
7104
4734
7122
3441
7902
7757
6451
2738
308
1030
4364
8784
3069
7730
8182
5679
4659
8610
8052
3677
6364
5246
8672
6586
4289
8753
2700
6128
9998
6116
3466
9943
4297
7041
3378
4701
242
1942
6614
4580
8713
8819
9801
8412
3761
3833
1591
6736
347
5878
8888
1255
9689
8623
9730
7346
8192
3810
1334
1329
3473
2410
3742
8778
2240
6593
5945
5551
5433
1269
7764
294
5588
3342
891
3979
9517
1090
4437
557
679
7163
103
6280
5496
8595
9653
2390
8119
8187
4181
890
3285
1666
2707
6420
5805
1597
4103
7864
5409
5284
1923
9427
5198
9571
4902
4469
1021
4498
8773
2242
8294
5432
8884
8341
3343
9170
7219
7974
2186
4540
6662
3833
1898
3836
2780
990
562
1328
2321
2657
4916
9147
9442
8299
2876
6266
8562
3867
6961
8237
8928
5116
1310
121
2099
9602
686
6217
1329
674
5459
1554
3557
8114
9101
5938
8444
1852
2134
9373
5793
9852
264
8726
7696
8657
4369
2466
4907
3429
5454
2100
1626
1745
5707
4595
164
8935
3491
1478
7959
2415
4381
3268
846
5591
7771
3959
8992
2655
7224
9762
9924
7085
5639
9920
3491
3427
481
7777
8964
6721
9439
9905
9003
2849
4487
1085
8603
1896
7853
9355
1310
7302
1688
2773
8043
8439
7379
5012
6901
9820
7907
7906
3895
4021
6140
3241
5438
4573
300
1512
9969
1182
9218
5186
1443
7481
591
5122
8631
4012
3031
735
3307
6573
8207
4987
90
4224
9576
4465
5904
2441
4713
4311
9526
9394
5163
8218
9614
1295
6433
4328
8232
5083
9946
9970
2071
6372
5644
8275
8006
2844
9920
1434
2348
1686
5057
9324
4356
6619
9395
952
497
5855
8997
3980
2926
8131
2818
2271
7866
6136
9541
3593
1933
160
1972
4993
714
4127
8586
4181
9995
4235
9652
7557
3236
5700
6567
5412
7170
2190
1912
3732
2553
9223
8515
8819
2520
9427
6841
2970
3739
2614
9549
342
3507
7229
9999
5082
3885
6831
9685
2353
4635
3382
4927
6089
3590
3154
5092
5440
4715
1782
2691
5816
5005
5366
9114
9649
2282
786
9643
2077
2082
1680
7379
540
4621
4685
6047
2320
794
6308
8989
7340
6972
3346
5746
7786
5940
275
4040
9795
1977
3758
223
4526
7326
419
3211
7505
8625
757
8217
698
3177
9103
8110
4438
6378
4768
2910
7980
2724
6201
7302
9464
1976
9821
939
8682
3465
6325
1542
448
2203
7692
9269
5612
8525
6228
6967
2292
7027
4593
7411
1843
8417
7114
3033
9023
4262
5349
3593
4447
5712
8570
5511
4082
8744
4273
8112
8327
2018
1055
7358
8654
8648
1205
6742
6516
4344
7807
714
1399
137
6525
3825
5796
5225
1794
2780
8537
2660
63
5019
9427
5021
2682
2616
3556
3982
9617
8251
1160
5702
3197
8153
9286
1620
6910
1430
3966
9161
2966
3763
2658
2075
8059
1696
2220
4816
5873
7392
4340
4135
3527
3267
4472
8762
794
1202
509
7251
2196
7035
6641
6008
1316
9494
8145
2578
3301
1940
1978
4125
7459
1606
8097
2431
8880
9808
6748
3941
6211
2412
1124
8025
5357
8460
2393
1818
6864
672
6787
9120
5707
615
8982
150
954
9092
9586
5916
8135
5319
5381
2774
6261
9652
1403
7821
552
903
3412
8160
5393
1641
7246
4761
639
9020
4381
1073
7941
1249
7351
8926
9633
6479
6076
503
3873
824
7860
6050
6414
3938
842
9739
7508
8598
6002
9519
7104
2607
1473
1665
6442
9258
1241
4142
986
9483
1932
1692
9518
774
3918
4088
5162
1051
3301
5379
1954
420
2751
7360
7469
3389
948
8382
6131
7556
5322
7210
3004
7823
3451
1364
3447
6912
8891
2763
472
4442
1513
7864
290
9764
6544
2107
1628
5653
8076
8709
3218
3884
4302
4937
6309
5974
973
6923
7812
8507
5888
9593
4562
9115
4165
3922
5484
9030
3980
9630
9419
9396
7426
1613
6256
5487
9271
9834
8994
1300
3952
5352
1324
9743
3097
6844
2603
7917
4318
2400
8523
6736
6195
8654
1599
1597
9268
5286
5477
6774
2359
572
4595
4792
7708
9023
5865
7631
3167
3259
8311
7048
9254
8416
3142
2470
5018
8162
9196
2834
8302
2929
7263
3721
160
8292
3611
3353
2964
5363
7970
2121
118
2615
8717
6956
8877
8411
1171
705
4761
6141
7839
2852
2962
1691
188
7891
8111
8593
4101
9557
4192
8186
1446
4441
2984
8422
7158
1772
3900
5326
485
3119
7693
9909
6117
7340
1773
2918
2409
106
9179
5595
70
2668
7780
761
7631
2970
9026
4970
6494
3619
6612
8331
4447
855
4304
6172
6161
3165
7707
5296
7289
5393
1798
3110
9652
4915
9896
9695
8697
2203
8978
3214
1295
3660
344
4684
5839
8958
8133
4962
1631
3337
3013
7615
7782
3711
9451
3490
6427
6742
6552
5760
8027
6400
7617
8508
173
1045
4829
5817
9049
6108
1075
2202
2091
3789
8136
4344
4378
5271
6996
1323
7534
5440
5763
2582
5694
3544
5632
3819
6324
1974
9068
1923
9076
3544
1910
2396
5821
1414
2453
5790
7482
2822
934
5918
6959
3665
3868
7587
8284
1477
9315
7097
1984
1669
3145
1563
1319
5077
9190
8660
9151
89
9490
3508
8839
4110
9486
7278
7717
8320
8402
1643
599
2462
7594
2830
3708
7724
3469
3184
3012
8230
5963
8768
9806
8093
1288
3209
3796
7856
7915
1519
1282
1074
6409
754
102
3428
4613
6233
2795
1928
3155
696
2915
786
151
14
9586
8188
5730
6803
5441
4279
4671
3616
4016
7336
8155
1372
4758
1199
2689
2232
1127
1997
7633
8363
1082
5438
6228
9428
6004
6960
7548
183
2963
8391
9437
8672
6247
4482
7046
6452
2921
3721
5898
7835
9794
5433
5250
4270
6150
1880
50
4796
2229
8596
9963
2828
6027
3817
4395
7501
4352
3076
429
5976
3006
1077
4347
8698
9715
4969
9206
1944
5321
3053
5843
2227
6949
8831
1743
2289
9325
889
5069
9377
6209
7322
3264
9423
4974
7209
7837
3849
5304
6531
1262
4035
7082
7691
1124
8326
2404
6692
76
1416
6050
7569
5682
6681
8297
6280
4312
994
7051
3190
704
4104
5544
3675
2138
9967
6938
6181
2696
9834
5935
8670
8006
5096
2790
4360
7043
2161
5692
5338
1458
8348
7303
5521
434
3861
3023
7468
5464
2548
4693
9581
1532
6122
4664
5235
7840
9654
8773
791
1099
5419
6885
8942
7871
4919
89
3665
879
5097
8703
8868
2106
6051
4580
7025
8161
8456
6100
1503
5718
2032
5044
5576
1559
1673
8869
8963
3288
4291
7583
4928
1001
6100
7745
9761
9754
8277
5168
8208
2251
6279
5252
8194
5872
4076
4504
6113
8648
8962
1287
3343
1303
3617
3064
2797
3862
4062
7982
3856
8362
6018
879
6819
4654
4883
882
2160
4888
6359
5763
8483
5254
111
8845
2745
9065
567
6809
2989
7394
3787
8181
6408
7769
4961
624
5329
6887
7345
6807
5823
2790
8178
8823
7437
8131
9052
8033
268
3598
1047
7161
218
3976
5711
3392
8494
6384
9165
7353
934
6091
3929
5317
7941
3624
9269
2465
286
3981
4118
9847
8931
5805
4203
2712
4745
1595
2315
8587
8598
9668
4177
2055
4501
6966
4121
4468
7255
6245
4282
6723
1594
7180
8877
5673
1174
4737
3740
7053
7413
8602
1816
6345
1053
7042
2259
6249
3254
4994
8350
1338
4367
673
569
4745
9456
6560
2056
5927
7017
3546
1989
2195
3816
561
8912
5386
5187
5985
3150
4125
9559
3673
8005
3232
9920
7327
6612
6513
7773
2631
2651
1710
5924
3759
874
3860
7601
4120
7813
5995
3425
9031
878
1220
7184
4229
8203
7735
5897
1783
1836
8915
4986
3240
3792
8769
1515
6790
6592
7862
854
5810
5974
4073
974
5748
139
7185
8126
6518
3808
8230
9911
725
8889
7735
8423
2332
9217
7224
37
4004
6677
7345
6380
9728
7426
7010
417
7681
739
8977
4869
7652
7287
934
6728
5710
524
258
2293
7260
4170
362
5340
9689
8257
6123
5827
798
1853
8818
188
3473
4842
3425
7003
8971
4445
1104
3192
3717
1070
7644
1579
3903
673
9014
2193
5561
9560
6218
1092
4048
3591
7368
3847
7907
7508
2195
5095
4900
1009
1130
2907
7922
1045
1335
8976
6494
3378
9767
1616
785
7071
3669
1265
1934
1137
26
1556
7419
8562
56
5796
2874
6225
6579
5803
1071
6636
7489
3599
8178
6287
9169
4623
3399
6216
7088
2037
2287
6830
552
9874
6337
4581
1971
2816
9481
772
9677
8466
9387
9689
7184
117
7920
1264
6093
4866
8359
6186
6068
2063
31
2427
6063
9490
1752
2683
3155
2656
7234
252
6916
830
3080
3430
8378
5728
572
6957
6171
5449
1290
6071
5446
1371
4161
5695
2423
2119
1477
168
7697
3144
5974
8069
6395
8013
964
7162
1744
2727
6125
2697
3964
724
2086
9786
6487
4885
3723
4347
5688
5454
7030
7809
8100
8623
2034
946
2450
5256
6873
8563
8508
1263
6447
1678
5151
6753
7040
7661
2601
5604
693
9076
8226
1162
568
4818
2317
5391
995
9540
5427
2546
4004
5630
3974
6017
5816
1117
5517
3996
5334
9672
5952
3149
303
2485
2271
2372
4189
9934
2783
1373
3236
858
2460
8510
362
3764
9432
8250
2767
5828
1653
6420
4606
556
3794
8549
8448
249
5698
8265
4033
4821
5160
7149
9794
6954
2124
1236
309
8960
7641
9095
157
1471
7323
9764
8067
4719
8238
2657
6263
7427
8848
7005
817
5548
5174
329
4951
7507
9865
9770
2220
889
3032
4764
3524
8661
5943
2742
6814
9284
3286
3025
6815
5039
401
5618
9538
2339
8534
501
5884
5555
9478
4220
1759
6675
489
8529
458
5088
246
92
4619
6913
4225
4202
9338
7130
6443
3909
9615
4832
1080
6284
3438
934
8911
2886
9211
1832
3135
7851
3656
9549
4348
7309
8394
6541
9358
1284
2925
3451
1642
6850
8733
8134
5910
1427
8584
8934
7132
3930
4827
1542
421
7064
3523
3407
6941
8829
721
6295
7088
8413
1370
2537
6783
8993
8364
5327
9270
8321
3949
2449
2167
822
9429
2917
414
5896
8196
2068
7896
7095
7122
3980
7051
3296
7847
5830
826
7496
3228
4164
9708
3778
5676
2909
1611
4671
130
8919
4850
7705
779
4055
8604
9119
2526
6417
6769
7203
3979
6431
7497
9120
271
5899
3237
5303
6277
6032
9378
4915
1034
2538
4052
7091
3370
6810
6035
7200
1991
5407
3425
2953
3219
2679
9827
1947
2499
8795
8939
134
5652
3043
2394
9200
6325
2857
233
7360
2221
1920
2297
8839
5894
482
8573
6529
7671
1395
5085
9052
2152
6294
8777
3033
1730
3248
3937
2612
6330
4677
6134
9411
1373
3257
9644
7238
9318
4530
781
609
2474
3269
5848
6829
2163
9790
758
4556
1983
273
4787
3481
73
1772
3625
366
2882
6200
8762
112
2365
2868
5990
3527
8241
6489
8485
4311
4201
9222
1934
8037
1651
2036
5797
8524
9431
465
5849
84
4863
9407
283
9940
872
3771
1458
114
9018
6452
9835
3261
7300
9687
3797
7434
6796
9982
402
8627
332
3368
4015
660
1940
9025
2190
4910
1202
994
9054
8167
5959
932
3914
7801
705
838
7232
3281
6227
3391
1137
5296
4002
1200
7824
0
9492
2558
8248
9622
2860
8599
38
9526
8029
3225
2995
6426
7089
4488
4419
7921
937
7735
1147
9652
6551
9676
3863
100
3081
5908
9844
7903
8030
2273
3747
8290
7059
7711
9933
4030
9921
1627
442
7938
5517
3413
8646
5325
1888
6969
8910
7815
2076
3127
5313
9075
243
9178
6664
2305
410
2327
1190
239
341
7765
8861
3908
2954
1213
1482
7951
4338
1804
1535
283
620
6922
9008
4505
8929
9029
5455
4668
7625
453
9469
4932
6656
886
3737
5617
9724
5867
5431
3328
2225
1238
5570
9095
3624
4400
6333
3817
4423
3092
4387
5139
2250
9689
7332
1733
2470
3020
7034
3060
7173
5215
4245
2927
3566
7071
9509
6509
9601
9805
1486
4649
2096
584
9950
1910
4378
2674
1958
6846
7525
5956
7774
5199
7772
5473
457
1466
2480
9829
7138
188
2189
3650
3806
9439
3495
2867
97
7719
3173
4557
8222
5111
5955
4306
1226
3005
5323
398
